1000 4
1001 7
1002 7
1003 6
1004 6
1005 7
1006 5
1007 4
1008 4
1009 4
1010 4
1011 5
1012 4
1013 4
1014 4
1015 4
1016 4
1017 4
1018 4
1019 4
1020 4
1021 4
1022 4
1023 4
1024 4
1025 4
1026 4
1027 4
1028 4
1029 4
1030 4
1031 4
1032 4
1033 4
1034 4
1035 4
1036 4
1037 4
1038 6
1039 4
1040 4
1041 4
1042 4
1043 4
1044 4
1045 4
1046 4
1047 4
1048 4
1049 4
1050 4
1051 4
1052 4
1053 4
1054 4
1055 4
1056 4
1057 4
1058 4
1059 4
1060 4
1061 4
1062 4
1063 4
1064 4
1065 4
1066 4
1067 4
1068 4
1069 4
1070 4
1071 4
1072 4
1073 4
1074 4
1075 4
1076 4
1077 4
1078 4
1079 4
1080 4
1081 4
1082 4
1083 4
1084 4
1085 4
1086 4
1087 4
1088 4
1089 4
1090 4
1091 4
1092 4
1093 4
1094 4
1095 4
1096 4
1097 4
1098 4
1099 4
1100 4
1101 4
1102 4
1103 4
1104 4
1105 4
1106 4
1107 4
1108 4
1109 4
1110 4
1111 4
1112 4
1113 4
1114 4
1115 4
1116 4
1117 4
1118 4
1119 4
1120 4
1121 4
1122 4
1123 4
1124 4
1125 4
1126 4
1127 4
1128 4
1129 4
1130 4
1131 4
1132 4
1133 4
1134 4
1135 4
1136 4
1137 4
1138 4
1139 4
1140 4
1141 4
1142 4
1143 4
1144 4
1145 4
1146 4
1147 4
1148 4
1149 4
1150 4
1151 4
1152 4
1153 4
1154 4
1155 4
1156 4
1157 4
1158 4
1159 4
1160 4
1161 4
1162 4
1163 4
1164 4
1165 4
1166 4
1167 4
1168 4
1169 4
1170 4
1171 4
1172 4
1173 4
1174 4
1175 4
1176 5
1177 4
1178 4
1179 4
1180 4
1181 4
1182 4
1183 4
1184 4
1185 4
1186 4
1187 4
1188 4
1189 4
1190 4
1191 4
1192 4
1193 4
1194 4
1195 4
1196 4
1197 4
1198 4
1199 4
1200 6
1201 8
1202 4
1203 4
1204 4
1205 4
1206 4
1207 4
1208 4
1209 4
1210 4
1211 4
1212 4
1213 4
1214 4
1215 4
1216 4
1217 4
1218 4
1219 4
1220 4
1221 4
1222 4
1223 4
1224 4
1225 4
1226 5
1227 8
1228 8
1229 8
1230 9
1231 9
1232 9
1233 9
1234 8
1235 4
1236 4
1237 4
1238 4
1239 4
1240 4
1241 4
1242 4
1243 8
1244 4
1245 4
1246 4
1247 5
1248 8
1249 9
1250 8
1251 8
1252 8
1253 8
1254 9
1255 8
1256 4
1257 4
1258 4
1259 4
1260 5
1261 4
1262 4
1263 5
1264 5
1265 5
1266 5
1267 5
1268 5
1269 5
1270 5
1271 5
1272 5
1273 5
1274 5
1275 5
1276 5
1277 5
1278 5
1279 5
1280 5
1281 5
1282 5
1283 5
1284 5
1285 5
1286 5
1287 5
1288 5
1289 5
1290 5
1291 5
1292 5
1293 5
1294 5
1295 5
1296 5
1297 5
1298 5
1299 5
1300 5
1301 5
1302 5
1303 5
1304 5
1305 5
1306 5
1307 5
1308 5
1309 5
1310 5
1311 5
1312 5
1313 5
1314 5
1315 5
1316 5
1317 5
1318 5
1319 5
1320 5
1321 18
1322 4
1323 4
1324 4
1325 4
1326 4
1327 4
1328 4
1329 4
1330 4
1331 4
1332 4
1333 4
1334 4
1335 4
1336 4
1337 4
1338 4
1339 4
1340 4
1341 4
1342 4
1343 4
1344 4
1345 4
1346 4
1347 4
1348 4
1349 4
1350 4
1351 4
1352 4
1353 4
1354 4
1355 4
1356 4
1357 4
1358 4
1359 4
1360 4
1361 4
1362 4
1363 4
1364 4
1365 4
1366 4
1367 4
1368 4
1369 4
1370 4
1371 4
1372 4
1373 4
1374 4
1375 4
1376 4
1377 4
1378 4
1379 4
1380 4
1381 4
1382 4
1383 4
1384 4
1385 4
1386 4
1387 4
1388 4
1389 4
1390 4
1391 4
1392 4
1393 4
1394 4
1395 4
1396 4
1397 4
1398 4
1399 4
1400 4
1401 4
1402 4
1403 4
1404 4
1405 4
1406 4
1407 4
1408 4
1409 4
1410 4
1411 4
1412 4
1413 4
1414 4
1415 4
1416 4
1417 4
1418 4
1419 4
1420 4
1421 4
1422 4
1423 4
1424 4
1425 4
1426 4
1427 4
1428 4
1429 4
1430 4
1431 4
1432 4
1433 4
1434 4
1435 4
1436 4
1437 4
1438 4
1439 4
1440 4
1441 4
1442 4
1443 4
1444 4
1445 4
1446 4
1447 4
1448 4
1449 4
1450 4
1451 4
1452 4
1453 5
1454 4
1455 4
1456 4
1457 4
1458 4
1459 4
1460 4
1461 5
1462 4
1463 4
1464 4
1465 5
1466 4
1467 4
1468 4
1469 5
1470 4
1471 4
1472 5
1473 5
1474 5
1475 5
1476 5
1477 5
1478 5
1479 5
1480 5
1481 5
1482 5
1483 5
1484 5
1485 5
1486 5
1487 5
1488 5
1489 5
1490 5
1491 5
1492 5
1493 5
1494 5
1495 5
1496 5
1497 5
1498 5
1499 5
1500 5
1501 5
1502 5
1503 5
1504 5
1505 5
1506 5
1507 5
1508 5
1509 5
1510 5
1511 5
1512 5
1513 5
1514 5
1515 5
1516 5
1517 5
1518 5
1519 5
1520 5
1521 5
1522 5
1523 5
1524 5
1525 5
1526 5
1527 5
1528 5
1529 5
1530 5
1531 5
1532 5
1533 5
1534 5
1535 5
1536 5
1537 5
1538 5
1539 5
1540 5
1541 5
1542 5
1543 5
1544 5
1545 5
1546 5
1547 5
1548 5
1549 5
1550 5
1551 5
1552 5
1553 5
1554 5
1555 5
1556 5
1557 5
1558 5
1559 5
1560 5
1561 5
1562 5
1563 5
1564 5
1565 5
1566 5
1567 5
1568 5
1569 5
1570 5
1571 5
1572 5
1573 6
1574 5
1575 5
1576 5
1577 5
1578 5
1579 5
1580 5
1581 5
1582 5
1583 5
1584 5
1585 6
1586 5
1587 5
1588 5
1589 5
1590 5
1591 5
1592 5
1593 5
1594 5
1595 5
1596 5
1597 5
1598 5
1599 5
1600 5
1601 5
1602 5
1603 5
1604 5
1605 5
1606 5
1607 5
1608 5
1609 5
1610 5
1611 5
1612 5
1613 5
1614 5
1615 5
1616 5
1617 5
1618 5
1619 5
1620 5
1621 5
1622 5
1623 5
1624 5
1625 5
1626 5
1627 5
1628 5
1629 5
1630 5
1631 5
1632 5
1633 5
1634 5
1635 5
1636 5
1637 5
1638 5
1639 5
1640 5
1641 5
1642 5
1643 5
1644 5
1645 5
1646 5
1647 5
1648 5
1649 5
1650 5
1651 5
1652 5
1653 5
1654 5
1655 5
1656 5
1657 5
1658 5
1659 5
1660 5
1661 5
1662 5
1663 5
1664 5
1665 5
1666 5
1667 5
1668 5
1669 5
1670 5
1671 5
1672 5
1673 5
1674 5
1675 5
1676 5
1677 5
1678 5
1679 5
1680 5
1681 5
1682 5
1683 5
1684 5
1685 5
1686 5
1687 5
1688 5
1689 5
1690 5
1691 5
1692 5
1693 5
1694 5
1695 5
1696 5
1697 5
1698 5
1699 5
1700 5
1701 5
1702 5
1703 5
1704 5
1705 5
1706 5
1707 5
1708 5
1709 5
1710 5
1711 5
1712 5
1713 5
1714 5
1715 5
1716 6
1717 5
1718 9
1719 5
1720 6
1721 5
1722 7
1723 10
1724 10
1725 9
1726 10
1727 9
1728 10
1729 9
1730 12
1731 10
1732 11
1733 10
1734 10
1735 10
1736 10
1737 10
1738 10
1739 9
1740 10
1741 6
1742 6
1743 5
1744 5
1745 5
1746 5
1747 5
1748 5
1749 5
1750 5
1751 5
1752 6
1753 5
1754 5
1755 5
1756 5
1757 5
1758 5
1759 5
1760 5
1761 5
1762 5
1763 5
1764 5
1765 5
1766 5
1767 6
1768 6
1769 6
1770 6
1771 6
1772 6
1773 6
1774 6
1775 6
1776 6
1777 6
1778 6
1779 6
1780 6
1781 6
1782 6
1783 6
1784 6
1785 6
1786 6
1787 6
1788 6
1789 6
1790 6
1791 6
1792 6
1793 6
1794 6
1795 6
1796 6
1797 6
1798 6
1799 6
1800 6
1801 6
1802 6
1803 6
1804 6
1805 6
1806 6
1807 25
1808 11
1809 11
1810 11
1811 10
1812 11
1813 11
1814 10
1815 6
1816 6
1817 6
1818 6
1819 6
1820 6
1821 6
1822 6
1823 6
1824 6
1825 6
1826 6
1827 6
1828 6
1829 6
1830 6
1831 6
1832 6
1833 6
1834 6
1835 6
1836 6
1837 6
1838 6
1839 6
1840 6
1841 6
1842 6
1843 6
1844 6
1845 6
1846 6
1847 6
1848 6
1849 6
1850 6
1851 6
1852 6
1853 6
1854 6
1855 6
1856 6
1857 6
1858 6
1859 6
1860 6
1861 6
1862 6
1863 6
1864 6
1865 6
1866 6
1867 6
1868 6
1869 6
1870 6
1871 6
1872 6
1873 6
1874 6
1875 6
1876 6
1877 6
1878 6
1879 6
1880 6
1881 6
1882 6
1883 6
1884 6
1885 6
1886 6
1887 6
1888 6
1889 6
1890 6
1891 6
1892 6
1893 6
1894 6
1895 6
1896 6
1897 6
1898 6
1899 6
1900 6
1901 6
1902 6
1903 6
1904 6
1905 6
1906 6
1907 6
1908 6
1909 6
1910 6
1911 6
1912 6
1913 6
1914 6
1915 6
1916 6
1917 6
1918 6
1919 6
1920 6
1921 6
1922 6
1923 6
1924 6
1925 6
1926 6
1927 6
1928 6
1929 6
1930 6
1931 6
1932 6
1933 6
1934 6
1935 6
1936 6
1937 6
1938 6
1939 6
1940 6
1941 6
1942 6
1943 6
1944 6
1945 6
1946 6
1947 6
1948 6
1949 6
1950 6
1951 6
1952 6
1953 6
1954 6
1955 6
1956 6
1957 6
1958 6
1959 6
1960 6
1961 6
1962 6
1963 6
1964 6
1965 6
1966 6
1967 6
1968 6
1969 6
1970 6
1971 6
1972 6
1973 6
1974 6
1975 6
1976 6
1977 6
1978 6
1979 6
1980 6
1981 6
1982 6
1983 6
1984 6
1985 6
1986 6
1987 6
1988 6
1989 6
1990 6
1991 6
1992 6
1993 6
1994 6
1995 6
1996 6
1997 6
1998 6
1999 7
2000 6
2001 6
2002 6
2003 6
2004 6
2005 6
2006 6
2007 6
2008 6
2009 6
2010 7
2011 11
2012 12
2013 7
2014 11
2015 11
2016 12
2017 12
2018 13
2019 14
2020 14
2021 12
2022 12
2023 12
2024 14
2025 12
2026 12
2027 12
2028 12
2029 11
2030 19
2031 6
2032 6
2033 7
2034 6
2035 6
2036 6
2037 6
2038 6
2039 7
2040 12
2041 8
2042 6
2043 12
2044 11
2045 6
2046 6
2047 6
2048 6
2049 6
2050 6
2051 6
2052 6
2053 6
2054 6
2055 7
2056 11
2057 24
2058 12
2059 24
2060 13
2061 7
2062 7
2063 7
2064 7
2065 6
2066 23
2067 42
2068 11
2069 11
2070 7
2071 7
2072 7
2073 7
2074 7
2075 7
2076 7
2077 8
2078 8
2079 8
2080 7
2081 7
2082 8
2083 8
2084 8
2085 7
2086 40
2087 13
2088 15
2089 7
2090 7
2091 7
2092 7
2093 7
2094 7
2095 7
2096 7
2097 7
2098 7
2099 7
2100 7
2101 7
2102 7
2103 7
2104 7
2105 8
2106 7
2107 9
2108 12
2109 7
2110 7
2111 7
2112 7
2113 7
2114 7
2115 8
2116 11
2117 53
2118 12
2119 24
2120 13
2121 12
2122 13
2123 12
2124 23
2125 7
2126 7
2127 7
2128 7
2129 7
2130 12
2131 7
2132 7
2133 7
2134 7
2135 7
2136 18
2137 7
2138 7
2139 7
2140 7
2141 7
2142 7
2143 7
2144 7
2145 7
2146 7
2147 7
2148 7
2149 7
2150 7
2151 7
2152 7
2153 7
2154 7
2155 7
2156 7
2157 7
2158 7
2159 7
2160 7
2161 7
2162 7
2163 7
2164 7
2165 7
2166 7
2167 7
2168 7
2169 7
2170 7
2171 7
2172 7
2173 7
2174 7
2175 7
2176 7
2177 7
2178 7
2179 7
2180 7
2181 7
2182 7
2183 7
2184 7
2185 7
2186 7
2187 7
2188 7
2189 7
2190 7
2191 7
2192 7
2193 7
2194 7
2195 7
2196 7
2197 7
2198 7
2199 7
2200 7
2201 7
2202 7
2203 7
2204 7
2205 7
2206 7
2207 7
2208 7
2209 7
2210 7
2211 7
2212 7
2213 7
2214 7
2215 7
2216 7
2217 7
2218 7
2219 7
2220 7
2221 7
2222 7
2223 7
2224 7
2225 7
2226 7
2227 7
2228 7
2229 7
2230 7
2231 7
2232 7
2233 7
2234 7
2235 7
2236 7
2237 7
2238 7
2239 8
2240 7
2241 7
2242 7
2243 7
2244 7
2245 7
2246 7
2247 7
2248 7
2249 7
2250 7
2251 7
2252 7
2253 7
2254 7
2255 7
2256 7
2257 7
2258 7
2259 7
2260 7
2261 7
2262 7
2263 7
2264 7
2265 7
2266 7
2267 7
2268 7
2269 7
2270 7
2271 7
2272 7
2273 7
2274 7
2275 7
2276 7
2277 7
2278 7
2279 7
2280 7
2281 7
2282 7
2283 7
2284 7
2285 7
2286 7
2287 7
2288 7
2289 7
2290 7
2291 7
2292 7
2293 7
2294 7
2295 7
2296 7
2297 7
2298 7
2299 7
2300 7
2301 7
2302 7
2303 7
2304 7
2305 7
2306 7
2307 7
2308 7
2309 7
2310 7
2311 7
2312 7
2313 7
2314 7
2315 7
2316 7
2317 7
2318 7
2319 7
2320 7
2321 7
2322 7
2323 7
2324 7
2325 7
2326 7
2327 7
2328 7
2329 7
2330 7
2331 7
2332 7
2333 7
2334 7
2335 7
2336 7
2337 7
2338 7
2339 7
2340 7
2341 7
2342 7
2343 7
2344 7
2345 7
2346 7
2347 7
2348 7
2349 7
2350 7
2351 7
2352 7
2353 7
2354 7
2355 7
2356 7
2357 7
2358 7
2359 7
2360 7
2361 7
2362 7
2363 8
2364 7
2365 8
2366 7
2367 7
2368 8
2369 7
2370 7
2371 8
2372 8
2373 8
2374 8
2375 8
2376 8
2377 8
2378 8
2379 8
2380 8
2381 8
2382 8
2383 8
2384 8
2385 8
2386 8
2387 8
2388 8
2389 8
2390 8
2391 8
2392 8
2393 8
2394 8
2395 8
2396 8
2397 9
2398 8
2399 8
2400 8
2401 8
2402 8
2403 8
2404 8
2405 8
2406 8
2407 8
2408 8
2409 8
2410 8
2411 8
2412 8
2413 8
2414 8
2415 8
2416 8
2417 8
2418 8
2419 8
2420 8
2421 8
2422 8
2423 8
2424 8
2425 8
2426 8
2427 8
2428 8
2429 8
2430 8
2431 8
2432 8
2433 8
2434 8
2435 8
2436 8
2437 8
2438 8
2439 8
2440 8
2441 8
2442 8
2443 8
2444 8
2445 8
2446 8
2447 8
2448 9
2449 8
2450 8
2451 8
2452 8
2453 8
2454 8
2455 8
2456 8
2457 8
2458 8
2459 8
2460 8
2461 8
2462 9
2463 8
2464 8
2465 8
2466 8
2467 8
2468 8
2469 8
2470 8
2471 8
2472 8
2473 8
2474 8
2475 8
2476 8
2477 8
2478 8
2479 8
2480 8
2481 8
2482 8
2483 8
2484 8
2485 8
2486 8
2487 8
2488 8
2489 8
2490 8
2491 8
2492 8
2493 8
2494 8
2495 8
2496 8
2497 8
2498 8
2499 9
2500 8
2501 10
2502 8
2503 8
2504 8
2505 8
2506 8
2507 8
2508 8
2509 8
2510 8
2511 8
2512 8
2513 8
2514 8
2515 8
2516 8
2517 8
2518 8
2519 26
2520 15
2521 15
2522 14
2523 14
2524 15
2525 22
2526 8
2527 8
2528 8
2529 8
2530 8
2531 8
2532 8
2533 8
2534 13
2535 10
2536 8
2537 8
2538 8
2539 8
2540 8
2541 8
2542 8
2543 8
2544 8
2545 8
2546 8
2547 8
2548 8
2549 8
2550 13
2551 14
2552 13
2553 9
2554 9
2555 8
2556 8
2557 8
2558 8
2559 8
2560 8
2561 8
2562 8
2563 8
2564 8
2565 8
2566 8
2567 8
2568 8
2569 8
2570 8
2571 8
2572 8
2573 8
2574 8
2575 8
2576 8
2577 8
2578 8
2579 8
2580 8
2581 8
2582 8
2583 8
2584 8
2585 8
2586 8
2587 8
2588 8
2589 8
2590 8
2591 8
2592 8
2593 8
2594 8
2595 8
2596 8
2597 8
2598 8
2599 8
2600 8
2601 8
2602 8
2603 8
2604 8
2605 8
2606 8
2607 8
2608 8
2609 8
2610 8
2611 8
2612 8
2613 8
2614 8
2615 8
2616 8
2617 8
2618 8
2619 8
2620 8
2621 8
2622 8
2623 8
2624 8
2625 8
2626 8
2627 8
2628 8
2629 8
2630 8
2631 8
2632 8
2633 8
2634 8
2635 8
2636 8
2637 8
2638 8
2639 8
2640 8
2641 8
2642 8
2643 8
2644 8
2645 8
2646 8
2647 8
2648 8
2649 8
2650 8
2651 8
2652 8
2653 8
2654 8
2655 8
2656 8
2657 8
2658 9
2659 8
2660 9
2661 9
2662 8
2663 9
2664 9
2665 8
2666 9
2667 8
2668 9
2669 9
2670 9
2671 9
2672 9
2673 9
2674 9
2675 9
2676 9
2677 9
2678 9
2679 9
2680 9
2681 9
2682 9
2683 9
2684 9
2685 9
2686 9
2687 9
2688 9
2689 9
2690 9
2691 9
2692 9
2693 9
2694 9
2695 9
2696 9
2697 9
2698 9
2699 9
2700 9
2701 9
2702 9
2703 9
2704 9
2705 9
2706 9
2707 9
2708 9
2709 9
2710 9
2711 9
2712 9
2713 9
2714 9
2715 9
2716 9
2717 9
2718 9
2719 9
2720 9
2721 9
2722 9
2723 9
2724 9
2725 9
2726 9
2727 9
2728 9
2729 9
2730 9
2731 9
2732 9
2733 9
2734 9
2735 9
2736 9
2737 9
2738 9
2739 9
2740 9
2741 9
2742 9
2743 9
2744 9
2745 9
2746 9
2747 9
2748 9
2749 9
2750 9
2751 9
2752 9
2753 9
2754 9
2755 9
2756 9
2757 9
2758 9
2759 9
2760 9
2761 9
2762 9
2763 9
2764 9
2765 9
2766 9
2767 9
2768 9
2769 9
2770 9
2771 9
2772 9
2773 9
2774 9
2775 9
2776 9
2777 9
2778 9
2779 9
2780 9
2781 9
2782 9
2783 9
2784 9
2785 9
2786 9
2787 9
2788 9
2789 9
2790 9
2791 9
2792 9
2793 9
2794 9
2795 9
2796 9
2797 9
2798 9
2799 9
2800 9
2801 9
2802 9
2803 9
2804 9
2805 9
2806 9
2807 9
2808 9
2809 9
2810 9
2811 9
2812 9
2813 9
2814 9
2815 9
2816 9
2817 9
2818 9
2819 9
2820 9
2821 9
2822 9
2823 9
2824 9
2825 9
2826 9
2827 9
2828 9
2829 9
2830 9
2831 9
2832 9
2833 9
2834 9
2835 9
2836 9
2837 9
2838 9
2839 9
2840 9
2841 9
2842 9
2843 9
2844 9
2845 9
2846 9
2847 9
2848 9
2849 9
2850 9
2851 9
2852 9
2853 9
2854 9
2855 9
2856 9
2857 9
2858 9
2859 9
2860 9
2861 9
2862 9
2863 9
2864 9
2865 9
2866 9
2867 9
2868 9
2869 9
2870 9
2871 9
2872 9
2873 9
2874 9
2875 9
2876 9
2877 9
2878 9
2879 9
2880 9
2881 9
2882 9
2883 9
2884 9
2885 9
2886 9
2887 9
2888 9
2889 9
2890 9
2891 9
2892 9
2893 9
2894 9
2895 9
2896 9
2897 9
2898 9
2899 9
2900 9
2901 9
2902 9
2903 9
2904 9
2905 9
2906 9
2907 9
2908 9
2909 9
2910 9
2911 9
2912 9
2913 9
2914 9
2915 9
2916 9
2917 9
2918 9
2919 9
2920 9
2921 9
2922 9
2923 9
2924 9
2925 9
2926 9
2927 9
2928 9
2929 9
2930 9
2931 9
2932 9
2933 9
2934 9
2935 9
2936 9
2937 9
2938 12
2939 9
2940 9
2941 9
2942 9
2943 10
2944 14
2945 11
2946 12
2947 10
2948 10
2949 9
2950 11
2951 9
2952 10
2953 10
2954 10
2955 9
2956 14
2957 9
2958 20
2959 17
2960 14
2961 10
2962 9
2963 10
2964 10
2965 10
2966 10
2967 10
2968 10
2969 9
2970 10
2971 10
2972 10
2973 10
2974 10
2975 10
2976 10
2977 10
2978 10
2979 10
2980 10
2981 10
2982 10
2983 10
2984 10
2985 10
2986 10
2987 10
2988 10
2989 10
2990 10
2991 10
2992 10
2993 10
2994 10
2995 10
2996 10
2997 10
2998 10
2999 10
3000 10
3001 10
3002 10
3003 10
3004 10
3005 10
3006 10
3007 10
3008 10
3009 10
3010 10
3011 10
3012 10
3013 10
3014 10
3015 10
3016 10
3017 10
3018 10
3019 10
3020 10
3021 10
3022 10
3023 10
3024 10
3025 10
3026 10
3027 10
3028 10
3029 10
3030 10
3031 10
3032 10
3033 10
3034 10
3035 10
3036 10
3037 10
3038 10
3039 10
3040 16
3041 10
3042 10
3043 42
3044 10
3045 14
3046 12
3047 11
3048 10
3049 10
3050 10
3051 10
3052 10
3053 10
3054 10
3055 10
3056 10
3057 10
3058 10
3059 10
3060 10
3061 10
3062 10
3063 10
3064 10
3065 10
3066 10
3067 10
3068 10
3069 10
3070 10
3071 10
3072 10
3073 10
3074 10
3075 50
3076 18
3077 14
3078 10
3079 10
3080 10
3081 10
3082 10
3083 10
3084 10
3085 10
3086 10
3087 10
3088 10
3089 10
3090 10
3091 10
3092 10
3093 10
3094 10
3095 10
3096 10
3097 10
3098 10
3099 10
3100 10
3101 10
3102 10
3103 10
3104 10
3105 10
3106 10
3107 10
3108 10
3109 10
3110 10
3111 10
3112 10
3113 10
3114 10
3115 10
3116 10
3117 10
3118 10
3119 10
3120 10
3121 10
3122 10
3123 10
3124 10
3125 10
3126 10
3127 10
3128 10
3129 10
3130 10
3131 10
3132 10
3133 10
3134 10
3135 10
3136 10
3137 10
3138 10
3139 10
3140 10
3141 10
3142 10
3143 10
3144 10
3145 10
3146 10
3147 10
3148 10
3149 10
3150 10
3151 10
3152 10
3153 10
3154 10
3155 10
3156 10
3157 10
3158 10
3159 10
3160 10
3161 10
3162 10
3163 10
3164 10
3165 10
3166 10
3167 10
3168 10
3169 10
3170 10
3171 10
3172 10
3173 10
3174 10
3175 10
3176 10
3177 10
3178 10
3179 10
3180 10
3181 10
3182 10
3183 10
3184 10
3185 10
3186 10
3187 10
3188 10
3189 10
3190 10
3191 10
3192 10
3193 10
3194 10
3195 10
3196 10
3197 10
3198 10
3199 10
3200 10
3201 10
3202 10
3203 10
3204 10
3205 10
3206 10
3207 10
3208 10
3209 10
3210 10
3211 10
3212 10
3213 10
3214 13
3215 10
3216 10
3217 10
3218 10
3219 10
3220 10
3221 10
3222 10
3223 10
3224 10
3225 10
3226 10
3227 10
3228 10
3229 10
3230 10
3231 10
3232 10
3233 10
3234 10
3235 10
3236 10
3237 10
3238 10
3239 10
3240 10
3241 10
3242 10
3243 10
3244 10
3245 10
3246 10
3247 10
3248 10
3249 10
3250 10
3251 10
3252 53
3253 11
3254 11
3255 10
3256 11
3257 10
3258 11
3259 10
3260 11
3261 10
3262 10
3263 10
3264 11
3265 10
3266 11
3267 11
3268 11
3269 11
3270 11
3271 11
3272 10
3273 11
3274 11
3275 11
3276 11
3277 11
3278 11
3279 11
3280 11
3281 11
3282 11
3283 11
3284 11
3285 11
3286 11
3287 11
3288 11
3289 11
3290 11
3291 11
3292 11
3293 11
3294 11
3295 11
3296 11
3297 11
3298 11
3299 11
3300 11
3301 11
3302 11
3303 11
3304 11
3305 11
3306 11
3307 11
3308 11
3309 11
3310 11
3311 11
3312 11
3313 11
3314 11
3315 11
3316 11
3317 11
3318 11
3319 11
3320 11
3321 20
3322 11
3323 11
3324 11
3325 11
3326 11
3327 11
3328 11
3329 11
3330 11
3331 11
3332 11
3333 11
3334 11
3335 11
3336 11
3337 11
3338 11
3339 11
3340 11
3341 11
3342 11
3343 11
3344 11
3345 11
3346 11
3347 11
3348 11
3349 11
3350 11
3351 11
3352 11
3353 11
3354 11
3355 11
3356 11
3357 11
3358 11
3359 11
3360 11
3361 11
3362 11
3363 11
3364 11
3365 11
3366 11
3367 11
3368 11
3369 11
3370 11
3371 11
3372 11
3373 11
3374 11
3375 11
3376 11
3377 11
3378 11
3379 11
3380 11
3381 11
3382 11
3383 11
3384 11
3385 11
3386 11
3387 11
3388 11
3389 11
3390 11
3391 11
3392 11
3393 11
3394 11
3395 11
3396 11
3397 11
3398 11
3399 11
3400 11
3401 11
3402 11
3403 11
3404 11
3405 11
3406 11
3407 11
3408 11
3409 11
3410 11
3411 11
3412 11
3413 11
3414 11
3415 11
3416 11
3417 11
3418 11
3419 11
3420 11
3421 11
3422 11
3423 11
3424 11
3425 11
3426 11
3427 11
3428 11
3429 11
3430 11
3431 11
3432 11
3433 11
3434 11
3435 11
3436 11
3437 11
3438 11
3439 11
3440 11
3441 11
3442 11
3443 11
3444 11
3445 11
3446 11
3447 11
3448 11
3449 11
3450 11
3451 11
3452 11
3453 11
3454 11
3455 11
3456 11
3457 11
3458 11
3459 11
3460 11
3461 11
3462 11
3463 11
3464 11
3465 11
3466 11
3467 11
3468 11
3469 11
3470 11
3471 11
3472 11
3473 11
3474 11
3475 11
3476 11
3477 11
3478 11
3479 11
3480 11
3481 11
3482 56
3483 11
3484 11
3485 11
3486 11
3487 11
3488 11
3489 11
3490 11
3491 15
3492 11
3493 11
3494 11
3495 11
3496 11
3497 11
3498 11
3499 11
3500 11
3501 11
3502 11
3503 11
3504 11
3505 11
3506 11
3507 11
3508 11
3509 11
3510 11
3511 11
3512 11
3513 11
3514 11
3515 11
3516 11
3517 11
3518 11
3519 11
3520 11
3521 11
3522 11
3523 11
3524 11
3525 11
3526 11
3527 11
3528 11
3529 11
3530 11
3531 11
3532 11
3533 13
3534 11
3535 11
3536 11
3537 11
3538 11
3539 11
3540 11
3541 11
3542 11
3543 11
3544 11
3545 11
3546 11
3547 11
3548 11
3549 11
3550 12
3551 11
3552 12
3553 18
3554 12
3555 11
3556 11
3557 11
3558 11
3559 11
3560 12
3561 11
3562 12
3563 11
3564 12
3565 12
3566 12
3567 12
3568 12
3569 12
3570 12
3571 12
3572 12
3573 12
3574 12
3575 12
3576 12
3577 12
3578 12
3579 12
3580 12
3581 12
3582 12
3583 12
3584 12
3585 12
3586 12
3587 12
3588 12
3589 12
3590 12
3591 12
3592 12
3593 12
3594 12
3595 12
3596 12
3597 12
3598 12
3599 12
3600 12
3601 12
3602 12
3603 12
3604 12
3605 12
3606 12
3607 12
3608 12
3609 12
3610 12
3611 12
3612 12
3613 12
3614 12
3615 12
3616 12
3617 12
3618 12
3619 12
3620 12
3621 12
3622 12
3623 12
3624 12
3625 19
3626 12
3627 12
3628 12
3629 12
3630 12
3631 12
3632 12
3633 12
3634 12
3635 12
3636 12
3637 12
3638 12
3639 12
3640 12
3641 12
3642 12
3643 12
3644 12
3645 12
3646 12
3647 12
3648 12
3649 12
3650 12
3651 12
3652 12
3653 12
3654 12
3655 12
3656 12
3657 12
3658 12
3659 12
3660 12
3661 12
3662 12
3663 12
3664 29
3665 29
3666 29
3667 29
3668 29
3669 29
3670 29
3671 29
3672 12
3673 12
3674 12
3675 12
3676 12
3677 12
3678 12
3679 12
3680 12
3681 12
3682 12
3683 12
3684 12
3685 12
3686 14
3687 12
3688 12
3689 12
3690 12
3691 12
3692 12
3693 12
3694 12
3695 12
3696 12
3697 12
3698 12
3699 12
3700 12
3701 12
3702 12
3703 12
3704 12
3705 12
3706 12
3707 12
3708 12
3709 12
3710 12
3711 20
3712 12
3713 12
3714 12
3715 12
3716 12
3717 12
3718 12
3719 12
3720 12
3721 12
3722 12
3723 12
3724 12
3725 12
3726 12
3727 12
3728 12
3729 12
3730 12
3731 12
3732 12
3733 12
3734 12
3735 12
3736 12
3737 12
3738 12
3739 12
3740 12
3741 12
3742 12
3743 12
3744 12
3745 12
3746 12
3747 12
3748 12
3749 12
3750 12
3751 12
3752 12
3753 12
3754 12
3755 12
3756 12
3757 12
3758 12
3759 12
3760 12
3761 12
3762 12
3763 12
3764 12
3765 12
3766 12
3767 12
3768 12
3769 12
3770 12
3771 12
3772 12
3773 12
3774 12
3775 12
3776 12
3777 12
3778 12
3779 12
3780 12
3781 12
3782 12
3783 12
3784 12
3785 12
3786 12
3787 12
3788 12
3789 12
3790 12
3791 12
3792 12
3793 12
3794 12
3795 12
3796 12
3797 12
3798 12
3799 12
3800 12
3801 12
3802 12
3803 12
3804 12
3805 12
3806 12
3807 12
3808 12
3809 12
3810 12
3811 12
3812 12
3813 12
3814 12
3815 12
3816 12
3817 12
3818 12
3819 12
3820 12
3821 12
3822 12
3823 12
3824 12
3825 12
3826 12
3827 12
3828 12
3829 12
3830 12
3831 12
3832 12
3833 12
3834 12
3835 12
3836 12
3837 12
3838 12
3839 12
3840 12
3841 12
3842 12
3843 12
3844 12
3845 12
3846 12
3847 12
3848 12
3849 13
3850 12
3851 12
3852 13
3853 12
3854 12
3855 12
3856 12
3857 12
3858 12
3859 12
3860 13
3861 12
3862 13
3863 13
3864 22
3865 13
3866 13
3867 13
3868 13
3869 13
3870 13
3871 13
3872 13
3873 13
3874 13
3875 13
3876 13
3877 13
3878 13
3879 13
3880 13
3881 13
3882 13
3883 13
3884 13
3885 13
3886 13
3887 13
3888 13
3889 13
3890 13
3891 13
3892 13
3893 13
3894 13
3895 13
3896 89
3897 13
3898 14
3899 13
3900 13
3901 13
3902 13
3903 13
3904 13
3905 13
3906 13
3907 13
3908 13
3909 13
3910 13
3911 13
3912 13
3913 13
3914 13
3915 13
3916 13
3917 13
3918 13
3919 13
3920 13
3921 13
3922 13
3923 13
3924 13
3925 13
3926 13
3927 13
3928 13
3929 13
3930 13
3931 13
3932 13
3933 13
3934 13
3935 13
3936 13
3937 13
3938 13
3939 13
3940 13
3941 13
3942 13
3943 13
3944 13
3945 13
3946 13
3947 13
3948 13
3949 13
3950 13
3951 13
3952 13
3953 13
3954 13
3955 13
3956 13
3957 13
3958 13
3959 13
3960 13
3961 13
3962 13
3963 13
3964 13
3965 13
3966 13
3967 13
3968 13
3969 13
3970 13
3971 13
3972 13
3973 13
3974 13
3975 13
3976 13
3977 13
3978 13
3979 13
3980 13
3981 13
3982 13
3983 13
3984 13
3985 13
3986 13
3987 13
3988 13
3989 13
3990 13
3991 13
3992 13
3993 13
3994 13
3995 17
3996 22
3997 23
3998 18
3999 24
4000 13
4001 13
4002 13
4003 13
4004 13
4005 13
4006 13
4007 13
4008 13
4009 13
4010 13
4011 13
4012 13
4013 13
4014 13
4015 13
4016 13
4017 13
4018 13
4019 13
4020 13
4021 13
4022 13
4023 13
4024 13
4025 13
4026 13
4027 13
4028 13
4029 13
4030 13
4031 13
4032 13
4033 13
4034 13
4035 13
4036 13
4037 13
4038 13
4039 13
4040 13
4041 13
4042 13
4043 13
4044 13
4045 13
4046 13
4047 13
4048 13
4049 13
4050 13
4051 13
4052 13
4053 13
4054 13
4055 13
4056 13
4057 13
4058 13
4059 13
4060 13
4061 13
4062 13
4063 13
4064 13
4065 13
4066 13
4067 13
4068 13
4069 13
4070 13
4071 13
4072 13
4073 13
4074 13
4075 13
4076 13
4077 13
4078 13
4079 13
4080 13
4081 13
4082 13
4083 13
4084 13
4085 13
4086 13
4087 13
4088 13
4089 13
4090 13
4091 13
4092 13
4093 13
4094 13
4095 13
4096 13
4097 13
4098 13
4099 13
4100 13
4101 13
4102 13
4103 13
4104 13
4105 13
4106 13
4107 13
4108 13
4109 13
4110 13
4111 13
4112 13
4113 13
4114 13
4115 13
4116 13
4117 13
4118 13
4119 13
4120 13
4121 13
4122 13
4123 13
4124 13
4125 13
4126 13
4127 13
4128 13
4129 13
4130 13
4131 13
4132 13
4133 13
4134 13
4135 13
4136 13
4137 13
4138 13
4139 13
4140 13
4141 13
4142 13
4143 13
4144 13
4145 13
4146 13
4147 13
4148 13
4149 13
4150 13
4151 13
4152 13
4153 13
4154 14
4155 13
4156 14
4157 13
4158 14
4159 13
4160 13
4161 14
4162 13
4163 14
4164 13
4165 14
4166 14
4167 14
4168 14
4169 14
4170 14
4171 14
4172 14
4173 14
4174 14
4175 14
4176 14
4177 14
4178 14
4179 14
4180 14
4181 14
4182 14
4183 14
4184 14
4185 14
4186 14
4187 14
4188 14
4189 14
4190 14
4191 14
4192 14
4193 14
4194 14
4195 14
4196 14
4197 14
4198 14
4199 14
4200 14
4201 14
4202 14
4203 14
4204 14
4205 14
4206 14
4207 14
4208 14
4209 14
4210 14
4211 14
4212 14
4213 14
4214 14
4215 14
4216 14
4217 14
4218 14
4219 14
4220 14
4221 14
4222 14
4223 14
4224 14
4225 14
4226 14
4227 14
4228 14
4229 14
4230 14
4231 14
4232 14
4233 14
4234 14
4235 14
4236 14
4237 14
4238 14
4239 14
4240 14
4241 14
4242 14
4243 14
4244 14
4245 14
4246 14
4247 14
4248 14
4249 14
4250 14
4251 14
4252 14
4253 14
4254 14
4255 14
4256 14
4257 14
4258 14
4259 14
4260 14
4261 14
4262 14
4263 14
4264 14
4265 14
4266 14
4267 14
4268 14
4269 14
4270 14
4271 14
4272 14
4273 14
4274 14
4275 14
4276 16
4277 16
4278 16
4279 16
4280 14
4281 14
4282 14
4283 14
4284 14
4285 14
4286 14
4287 14
4288 28
4289 29
4290 28
4291 28
4292 14
4293 14
4294 14
4295 14
4296 14
4297 14
4298 14
4299 14
4300 14
4301 14
4302 14
4303 14
4304 20
4305 20
4306 20
4307 20
4308 20
4309 20
4310 20
4311 20
4312 14
4313 14
4314 14
4315 14
4316 14
4317 14
4318 14
4319 14
4320 14
4321 14
4322 14
4323 14
4324 14
4325 14
4326 14
4327 14
4328 14
4329 14
4330 14
4331 14
4332 14
4333 14
4334 14
4335 14
4336 14
4337 14
4338 14
4339 14
4340 14
4341 14
4342 14
4343 14
4344 14
4345 14
4346 14
4347 14
4348 14
4349 14
4350 14
4351 14
4352 14
4353 14
4354 14
4355 14
4356 14
4357 14
4358 14
4359 14
4360 14
4361 14
4362 14
4363 14
4364 14
4365 14
4366 14
4367 14
4368 14
4369 14
4370 14
4371 14
4372 14
4373 14
4374 14
4375 14
4376 14
4377 14
4378 14
4379 14
4380 14
4381 14
4382 14
4383 14
4384 14
4385 14
4386 14
4387 14
4388 14
4389 14
4390 14
4391 14
4392 14
4393 14
4394 14
4395 14
4396 14
4397 14
4398 14
4399 14
4400 14
4401 14
4402 14
4403 14
4404 14
4405 14
4406 14
4407 14
4408 14
4409 14
4410 14
4411 17
4412 14
4413 14
4414 14
4415 14
4416 14
4417 14
4418 14
4419 14
4420 14
4421 14
4422 14
4423 14
4424 14
4425 14
4426 14
4427 14
4428 14
4429 14
4430 14
4431 14
4432 14
4433 14
4434 14
4435 14
4436 14
4437 14
4438 14
4439 14
4440 14
4441 14
4442 14
4443 14
4444 14
4445 14
4446 14
4447 14
4448 14
4449 14
4450 14
4451 14
4452 14
4453 14
4454 14
4455 15
4456 14
4457 15
4458 14
4459 15
4460 15
4461 14
4462 15
4463 15
4464 15
4465 15
4466 15
4467 15
4468 15
4469 15
4470 15
4471 15
4472 15
4473 15
4474 15
4475 15
4476 16
4477 15
4478 15
4479 15
4480 15
4481 15
4482 15
4483 15
4484 15
4485 15
4486 15
4487 15
4488 15
4489 15
4490 15
4491 15
4492 15
4493 15
4494 15
4495 15
4496 15
4497 15
4498 15
4499 15
4500 15
4501 15
4502 15
4503 15
4504 15
4505 15
4506 15
4507 15
4508 15
4509 15
4510 15
4511 15
4512 15
4513 15
4514 15
4515 15
4516 15
4517 15
4518 15
4519 15
4520 15
4521 15
4522 15
4523 15
4524 15
4525 15
4526 15
4527 15
4528 15
4529 15
4530 15
4531 15
4532 15
4533 15
4534 15
4535 15
4536 15
4537 15
4538 15
4539 15
4540 15
4541 15
4542 15
4543 15
4544 15
4545 15
4546 15
4547 15
4548 15
4549 15
4550 15
4551 15
4552 15
4553 15
4554 15
4555 15
4556 15
4557 15
4558 15
4559 20
4560 15
4561 15
4562 15
4563 15
4564 15
4565 15
4566 15
4567 15
4568 15
4569 15
4570 15
4571 15
4572 15
4573 15
4574 15
4575 15
4576 15
4577 15
4578 15
4579 15
4580 15
4581 15
4582 15
4583 15
4584 15
4585 15
4586 15
4587 15
4588 15
4589 15
4590 15
4591 15
4592 15
4593 15
4594 15
4595 15
4596 15
4597 15
4598 15
4599 15
4600 15
4601 15
4602 15
4603 15
4604 15
4605 15
4606 15
4607 15
4608 15
4609 15
4610 15
4611 15
4612 15
4613 15
4614 15
4615 15
4616 15
4617 15
4618 15
4619 15
4620 15
4621 15
4622 15
4623 15
4624 15
4625 15
4626 15
4627 15
4628 15
4629 15
4630 15
4631 15
4632 15
4633 15
4634 15
4635 15
4636 15
4637 15
4638 15
4639 15
4640 15
4641 15
4642 15
4643 15
4644 15
4645 15
4646 15
4647 15
4648 15
4649 15
4650 15
4651 15
4652 15
4653 15
4654 15
4655 15
4656 15
4657 15
4658 15
4659 15
4660 15
4661 15
4662 15
4663 15
4664 15
4665 15
4666 15
4667 15
4668 15
4669 15
4670 15
4671 15
4672 15
4673 15
4674 15
4675 15
4676 15
4677 15
4678 15
4679 15
4680 15
4681 15
4682 15
4683 15
4684 15
4685 15
4686 15
4687 15
4688 15
4689 15
4690 15
4691 15
4692 15
4693 15
4694 15
4695 15
4696 15
4697 15
4698 15
4699 15
4700 15
4701 15
4702 15
4703 15
4704 15
4705 15
4706 15
4707 15
4708 15
4709 15
4710 15
4711 15
4712 15
4713 15
4714 15
4715 15
4716 15
4717 15
4718 15
4719 15
4720 15
4721 15
4722 15
4723 15
4724 15
4725 15
4726 15
4727 15
4728 15
4729 15
4730 15
4731 15
4732 15
4733 15
4734 15
4735 15
4736 15
4737 15
4738 15
4739 15
4740 15
4741 15
4742 15
4743 15
4744 15
4745 15
4746 15
4747 15
4748 15
4749 15
4750 15
4751 15
4752 16
4753 15
4754 15
4755 15
4756 15
4757 16
4758 16
4759 15
4760 16
4761 15
4762 16
4763 16
4764 16
4765 16
4766 16
4767 16
4768 16
4769 16
4770 16
4771 16
4772 16
4773 16
4774 16
4775 16
4776 16
4777 16
4778 16
4779 16
4780 16
4781 17
4782 16
4783 16
4784 16
4785 16
4786 16
4787 16
4788 16
4789 16
4790 16
4791 16
4792 16
4793 16
4794 16
4795 16
4796 16
4797 16
4798 16
4799 16
4800 16
4801 16
4802 16
4803 16
4804 16
4805 16
4806 16
4807 16
4808 16
4809 16
4810 16
4811 16
4812 16
4813 16
4814 16
4815 16
4816 16
4817 16
4818 17
4819 16
4820 16
4821 16
4822 16
4823 16
4824 16
4825 16
4826 17
4827 16
4828 17
4829 16
4830 16
4831 16
4832 16
4833 16
4834 16
4835 16
4836 16
4837 16
4838 16
4839 16
4840 16
4841 16
4842 16
4843 17
4844 16
4845 16
4846 16
4847 16
4848 16
4849 16
4850 16
4851 16
4852 16
4853 16
4854 16
4855 16
4856 16
4857 16
4858 17
4859 16
4860 16
4861 16
4862 16
4863 16
4864 16
4865 16
4866 16
4867 16
4868 16
4869 16
4870 16
4871 16
4872 16
4873 16
4874 17
4875 16
4876 16
4877 16
4878 16
4879 16
4880 16
4881 17
4882 16
4883 16
4884 16
4885 16
4886 16
4887 16
4888 16
4889 16
4890 16
4891 16
4892 16
4893 16
4894 16
4895 16
4896 16
4897 16
4898 16
4899 16
4900 16
4901 16
4902 16
4903 16
4904 16
4905 16
4906 16
4907 16
4908 16
4909 16
4910 16
4911 16
4912 16
4913 16
4914 16
4915 16
4916 16
4917 16
4918 16
4919 16
4920 16
4921 16
4922 16
4923 16
4924 16
4925 16
4926 16
4927 16
4928 16
4929 16
4930 16
4931 16
4932 16
4933 16
4934 16
4935 16
4936 16
4937 16
4938 16
4939 16
4940 16
4941 16
4942 16
4943 16
4944 16
4945 16
4946 16
4947 16
4948 16
4949 16
4950 16
4951 16
4952 16
4953 16
4954 16
4955 18
4956 16
4957 16
4958 16
4959 16
4960 16
4961 16
4962 16
4963 16
4964 16
4965 16
4966 16
4967 16
4968 16
4969 16
4970 16
4971 16
4972 16
4973 16
4974 16
4975 16
4976 16
4977 16
4978 16
4979 16
4980 16
4981 16
4982 16
4983 16
4984 16
4985 16
4986 16
4987 16
4988 16
4989 16
4990 16
4991 16
4992 16
4993 16
4994 16
4995 16
4996 16
4997 16
4998 16
4999 16
