1000 8
1001 5
1002 5
1003 5
1004 5
1005 5
1006 5
1007 5
1008 8
1009 5
1010 5
1011 5
1012 5
1013 5
1014 5
1015 5
1016 5
1017 5
1018 5
1019 5
1020 5
1021 6
1022 5
1023 8
1024 8
1025 8
1026 14
1027 9
1028 5
1029 5
1030 5
1031 5
1032 5
1033 5
1034 5
1035 5
1036 5
1037 5
1038 5
1039 5
1040 5
1041 5
1042 5
1043 5
1044 5
1045 5
1046 5
1047 5
1048 5
1049 5
1050 5
1051 5
1052 5
1053 5
1054 5
1055 5
1056 5
1057 5
1058 5
1059 5
1060 6
1061 8
1062 8
1063 6
1064 5
1065 8
1066 6
1067 5
1068 5
1069 6
1070 6
1071 6
1072 6
1073 6
1074 6
1075 6
1076 6
1077 6
1078 6
1079 6
1080 6
1081 6
1082 6
1083 6
1084 6
1085 6
1086 6
1087 6
1088 6
1089 6
1090 6
1091 6
1092 6
1093 6
1094 6
1095 6
1096 6
1097 6
1098 6
1099 6
1100 6
1101 6
1102 6
1103 6
1104 6
1105 6
1106 6
1107 6
1108 6
1109 6
1110 6
1111 6
1112 6
1113 6
1114 6
1115 6
1116 6
1117 6
1118 6
1119 6
1120 6
1121 6
1122 6
1123 6
1124 6
1125 6
1126 6
1127 6
1128 6
1129 6
1130 6
1131 6
1132 6
1133 6
1134 6
1135 6
1136 6
1137 6
1138 6
1139 6
1140 6
1141 6
1142 6
1143 6
1144 6
1145 6
1146 6
1147 6
1148 6
1149 6
1150 6
1151 6
1152 6
1153 6
1154 6
1155 6
1156 6
1157 6
1158 6
1159 6
1160 6
1161 6
1162 6
1163 6
1164 6
1165 6
1166 6
1167 6
1168 6
1169 7
1170 6
1171 6
1172 6
1173 6
1174 6
1175 6
1176 6
1177 6
1178 6
1179 8
1180 9
1181 9
1182 9
1183 9
1184 9
1185 10
1186 9
1187 9
1188 9
1189 9
1190 8
1191 6
1192 6
1193 6
1194 6
1195 6
1196 7
1197 6
1198 6
1199 6
1200 6
1201 6
1202 6
1203 6
1204 6
1205 6
1206 6
1207 6
1208 6
1209 6
1210 6
1211 6
1212 6
1213 6
1214 7
1215 6
1216 6
1217 6
1218 7
1219 6
1220 6
1221 6
1222 7
1223 6
1224 6
1225 6
1226 6
1227 6
1228 6
1229 7
1230 6
1231 6
1232 6
1233 6
1234 6
1235 6
1236 6
1237 7
1238 6
1239 6
1240 6
1241 6
1242 6
1243 6
1244 6
1245 6
1246 7
1247 7
1248 7
1249 7
1250 7
1251 7
1252 7
1253 7
1254 7
1255 7
1256 7
1257 7
1258 7
1259 7
1260 7
1261 7
1262 7
1263 7
1264 7
1265 7
1266 7
1267 7
1268 7
1269 7
1270 7
1271 7
1272 7
1273 7
1274 7
1275 7
1276 7
1277 7
1278 7
1279 7
1280 7
1281 7
1282 7
1283 7
1284 7
1285 7
1286 7
1287 7
1288 7
1289 7
1290 7
1291 7
1292 7
1293 7
1294 7
1295 7
1296 7
1297 7
1298 7
1299 7
1300 7
1301 7
1302 7
1303 7
1304 7
1305 7
1306 7
1307 7
1308 7
1309 7
1310 7
1311 7
1312 7
1313 7
1314 7
1315 7
1316 7
1317 7
1318 7
1319 7
1320 7
1321 7
1322 7
1323 7
1324 7
1325 7
1326 7
1327 7
1328 7
1329 7
1330 7
1331 7
1332 7
1333 7
1334 7
1335 7
1336 7
1337 7
1338 7
1339 7
1340 7
1341 7
1342 7
1343 7
1344 7
1345 7
1346 7
1347 7
1348 7
1349 7
1350 7
1351 7
1352 7
1353 7
1354 7
1355 7
1356 7
1357 7
1358 7
1359 7
1360 8
1361 7
1362 7
1363 7
1364 8
1365 7
1366 7
1367 7
1368 7
1369 7
1370 7
1371 7
1372 8
1373 7
1374 7
1375 7
1376 7
1377 7
1378 7
1379 7
1380 7
1381 7
1382 7
1383 7
1384 7
1385 7
1386 7
1387 7
1388 7
1389 7
1390 7
1391 7
1392 7
1393 7
1394 7
1395 7
1396 7
1397 7
1398 7
1399 7
1400 7
1401 7
1402 7
1403 7
1404 7
1405 7
1406 7
1407 7
1408 7
1409 7
1410 7
1411 7
1412 7
1413 8
1414 7
1415 7
1416 7
1417 7
1418 7
1419 7
1420 7
1421 7
1422 7
1423 8
1424 8
1425 7
1426 8
1427 8
1428 8
1429 8
1430 7
1431 8
1432 8
1433 8
1434 8
1435 11
1436 8
1437 8
1438 8
1439 8
1440 8
1441 8
1442 8
1443 8
1444 8
1445 8
1446 8
1447 8
1448 8
1449 8
1450 8
1451 8
1452 8
1453 8
1454 8
1455 8
1456 8
1457 8
1458 12
1459 11
1460 12
1461 9
1462 8
1463 8
1464 8
1465 10
1466 12
1467 8
1468 9
1469 12
1470 8
1471 8
1472 8
1473 8
1474 8
1475 10
1476 8
1477 8
1478 8
1479 12
1480 13
1481 12
1482 20
1483 12
1484 12
1485 13
1486 13
1487 13
1488 13
1489 13
1490 12
1491 13
1492 12
1493 12
1494 8
1495 8
1496 8
1497 9
1498 9
1499 10
1500 9
1501 9
1502 10
1503 10
1504 9
1505 9
1506 8
1507 12
1508 12
1509 11
1510 8
1511 8
1512 8
1513 8
1514 8
1515 8
1516 8
1517 8
1518 8
1519 8
1520 8
1521 8
1522 8
1523 8
1524 8
1525 8
1526 8
1527 8
1528 8
1529 10
1530 9
1531 8
1532 8
1533 8
1534 8
1535 8
1536 8
1537 8
1538 8
1539 8
1540 8
1541 8
1542 8
1543 8
1544 9
1545 8
1546 8
1547 8
1548 8
1549 8
1550 8
1551 8
1552 8
1553 8
1554 8
1555 8
1556 9
1557 8
1558 8
1559 8
1560 8
1561 8
1562 8
1563 8
1564 8
1565 8
1566 8
1567 8
1568 12
1569 9
1570 9
1571 9
1572 10
1573 10
1574 10
1575 10
1576 10
1577 10
1578 10
1579 10
1580 10
1581 10
1582 13
1583 13
1584 14
1585 11
1586 9
1587 9
1588 9
1589 9
1590 9
1591 10
1592 10
1593 11
1594 11
1595 10
1596 10
1597 10
1598 11
1599 9
1600 11
1601 28
1602 9
1603 9
1604 9
1605 9
1606 9
1607 9
1608 10
1609 10
1610 10
1611 11
1612 10
1613 10
1614 10
1615 10
1616 10
1617 9
1618 9
1619 12
1620 14
1621 13
1622 13
1623 24
1624 15
1625 14
1626 15
1627 14
1628 17
1629 13
1630 22
1631 15
1632 16
1633 15
1634 13
1635 9
1636 9
1637 9
1638 9
1639 9
1640 9
1641 9
1642 9
1643 9
1644 18
1645 9
1646 9
1647 9
1648 9
1649 9
1650 9
1651 9
1652 9
1653 9
1654 9
1655 9
1656 9
1657 9
1658 9
1659 9
1660 9
1661 9
1662 9
1663 9
1664 9
1665 9
1666 9
1667 9
1668 9
1669 9
1670 9
1671 9
1672 9
1673 9
1674 9
1675 9
1676 9
1677 9
1678 9
1679 9
1680 9
1681 9
1682 9
1683 9
1684 9
1685 9
1686 9
1687 9
1688 9
1689 9
1690 9
1691 9
1692 9
1693 9
1694 9
1695 9
1696 9
1697 9
1698 9
1699 9
1700 9
1701 9
1702 9
1703 9
1704 9
1705 9
1706 9
1707 9
1708 9
1709 9
1710 9
1711 9
1712 9
1713 9
1714 9
1715 9
1716 9
1717 9
1718 9
1719 9
1720 9
1721 9
1722 9
1723 9
1724 9
1725 9
1726 9
1727 9
1728 9
1729 9
1730 9
1731 9
1732 9
1733 9
1734 9
1735 9
1736 9
1737 9
1738 9
1739 9
1740 9
1741 9
1742 9
1743 9
1744 9
1745 9
1746 10
1747 9
1748 9
1749 9
1750 9
1751 9
1752 9
1753 9
1754 9
1755 9
1756 9
1757 9
1758 9
1759 9
1760 9
1761 9
1762 9
1763 9
1764 9
1765 9
1766 9
1767 9
1768 9
1769 9
1770 9
1771 9
1772 9
1773 9
1774 9
1775 9
1776 9
1777 9
1778 9
1779 9
1780 9
1781 9
1782 9
1783 10
1784 9
1785 10
1786 9
1787 10
1788 10
1789 10
1790 10
1791 10
1792 10
1793 10
1794 14
1795 14
1796 14
1797 14
1798 15
1799 16
1800 10
1801 14
1802 10
1803 10
1804 10
1805 10
1806 10
1807 10
1808 10
1809 10
1810 10
1811 10
1812 10
1813 10
1814 10
1815 10
1816 10
1817 10
1818 10
1819 10
1820 10
1821 10
1822 10
1823 10
1824 10
1825 10
1826 10
1827 10
1828 10
1829 10
1830 10
1831 10
1832 10
1833 10
1834 10
1835 10
1836 10
1837 10
1838 10
1839 10
1840 10
1841 10
1842 10
1843 10
1844 10
1845 10
1846 10
1847 10
1848 10
1849 10
1850 10
1851 10
1852 10
1853 10
1854 10
1855 10
1856 10
1857 10
1858 10
1859 10
1860 10
1861 10
1862 10
1863 10
1864 10
1865 10
1866 10
1867 10
1868 10
1869 10
1870 10
1871 10
1872 10
1873 10
1874 10
1875 10
1876 10
1877 10
1878 10
1879 19
1880 15
1881 16
1882 16
1883 15
1884 11
1885 10
1886 10
1887 11
1888 10
1889 10
1890 10
1891 10
1892 10
1893 10
1894 10
1895 10
1896 10
1897 10
1898 10
1899 10
1900 10
1901 10
1902 10
1903 10
1904 10
1905 10
1906 10
1907 10
1908 10
1909 10
1910 10
1911 10
1912 10
1913 10
1914 10
1915 10
1916 10
1917 10
1918 10
1919 10
1920 10
1921 10
1922 10
1923 10
1924 10
1925 10
1926 10
1927 10
1928 10
1929 10
1930 10
1931 10
1932 10
1933 11
1934 13
1935 12
1936 12
1937 14
1938 11
1939 10
1940 11
1941 10
1942 10
1943 10
1944 10
1945 14
1946 10
1947 10
1948 10
1949 10
1950 10
1951 10
1952 10
1953 10
1954 10
1955 10
1956 10
1957 10
1958 10
1959 10
1960 10
1961 10
1962 10
1963 10
1964 10
1965 11
1966 10
1967 11
1968 10
1969 11
1970 11
1971 11
1972 11
1973 11
1974 11
1975 11
1976 11
1977 11
1978 11
1979 11
1980 11
1981 11
1982 11
1983 11
1984 11
1985 11
1986 11
1987 11
1988 11
1989 11
1990 11
1991 11
1992 11
1993 11
1994 11
1995 11
1996 11
1997 11
1998 11
1999 11
2000 11
2001 11
2002 11
2003 11
2004 11
2005 11
2006 11
2007 11
2008 11
2009 11
2010 11
2011 11
2012 11
2013 11
2014 11
2015 11
2016 11
2017 11
2018 11
2019 11
2020 11
2021 11
2022 11
2023 11
2024 11
2025 11
2026 11
2027 11
2028 11
2029 11
2030 11
2031 11
2032 11
2033 11
2034 11
2035 11
2036 11
2037 11
2038 11
2039 11
2040 11
2041 11
2042 11
2043 11
2044 11
2045 11
2046 11
2047 11
2048 11
2049 11
2050 11
2051 11
2052 11
2053 11
2054 11
2055 11
2056 11
2057 11
2058 11
2059 11
2060 11
2061 11
2062 11
2063 11
2064 11
2065 11
2066 11
2067 11
2068 11
2069 11
2070 11
2071 11
2072 11
2073 11
2074 11
2075 11
2076 11
2077 11
2078 11
2079 11
2080 11
2081 11
2082 11
2083 11
2084 11
2085 11
2086 11
2087 11
2088 11
2089 11
2090 11
2091 11
2092 11
2093 11
2094 11
2095 11
2096 11
2097 11
2098 11
2099 11
2100 11
2101 11
2102 11
2103 11
2104 11
2105 11
2106 11
2107 11
2108 11
2109 11
2110 11
2111 11
2112 13
2113 11
2114 11
2115 11
2116 11
2117 11
2118 11
2119 11
2120 11
2121 11
2122 11
2123 11
2124 11
2125 11
2126 11
2127 11
2128 11
2129 11
2130 11
2131 11
2132 11
2133 11
2134 11
2135 11
2136 11
2137 11
2138 11
2139 11
2140 11
2141 11
2142 11
2143 11
2144 11
2145 11
2146 12
2147 12
2148 12
2149 12
2150 12
2151 12
2152 12
2153 12
2154 12
2155 12
2156 12
2157 12
2158 12
2159 12
2160 12
2161 12
2162 12
2163 12
2164 12
2165 12
2166 12
2167 12
2168 12
2169 12
2170 12
2171 12
2172 12
2173 12
2174 12
2175 12
2176 12
2177 12
2178 12
2179 12
2180 12
2181 12
2182 12
2183 12
2184 12
2185 12
2186 12
2187 12
2188 12
2189 12
2190 12
2191 12
2192 12
2193 12
2194 12
2195 12
2196 12
2197 12
2198 12
2199 12
2200 12
2201 12
2202 12
2203 12
2204 12
2205 12
2206 12
2207 12
2208 12
2209 12
2210 12
2211 12
2212 12
2213 12
2214 12
2215 12
2216 12
2217 12
2218 12
2219 12
2220 12
2221 12
2222 12
2223 12
2224 12
2225 12
2226 12
2227 12
2228 12
2229 12
2230 12
2231 12
2232 12
2233 12
2234 12
2235 12
2236 12
2237 12
2238 12
2239 12
2240 12
2241 12
2242 12
2243 12
2244 12
2245 12
2246 12
2247 12
2248 12
2249 13
2250 12
2251 12
2252 12
2253 12
2254 12
2255 12
2256 12
2257 12
2258 12
2259 12
2260 12
2261 12
2262 12
2263 12
2264 12
2265 12
2266 12
2267 12
2268 12
2269 12
2270 12
2271 12
2272 12
2273 13
2274 12
2275 12
2276 12
2277 12
2278 13
2279 12
2280 12
2281 12
2282 12
2283 12
2284 12
2285 12
2286 12
2287 12
2288 12
2289 12
2290 12
2291 12
2292 12
2293 12
2294 12
2295 12
2296 12
2297 12
2298 12
2299 12
2300 12
2301 12
2302 42
2303 13
2304 12
2305 12
2306 12
2307 12
2308 12
2309 12
2310 12
2311 12
2312 12
2313 12
2314 12
2315 12
2316 12
2317 12
2318 12
2319 13
2320 12
2321 12
2322 12
2323 13
2324 13
2325 13
2326 15
2327 29
2328 13
2329 13
2330 13
2331 13
2332 13
2333 13
2334 13
2335 13
2336 13
2337 13
2338 13
2339 13
2340 13
2341 13
2342 13
2343 13
2344 13
2345 13
2346 13
2347 13
2348 13
2349 13
2350 13
2351 13
2352 13
2353 13
2354 13
2355 13
2356 13
2357 13
2358 13
2359 13
2360 13
2361 13
2362 13
2363 13
2364 13
2365 13
2366 13
2367 13
2368 13
2369 13
2370 13
2371 13
2372 13
2373 13
2374 13
2375 13
2376 13
2377 13
2378 13
2379 13
2380 13
2381 13
2382 13
2383 13
2384 13
2385 13
2386 13
2387 13
2388 13
2389 13
2390 13
2391 13
2392 13
2393 13
2394 13
2395 13
2396 13
2397 13
2398 13
2399 13
2400 13
2401 13
2402 13
2403 13
2404 13
2405 13
2406 17
2407 13
2408 13
2409 13
2410 13
2411 13
2412 13
2413 14
2414 13
2415 13
2416 13
2417 13
2418 13
2419 13
2420 13
2421 13
2422 13
2423 13
2424 13
2425 13
2426 13
2427 13
2428 13
2429 13
2430 13
2431 13
2432 13
2433 13
2434 13
2435 13
2436 13
2437 13
2438 13
2439 13
2440 13
2441 13
2442 13
2443 13
2444 13
2445 13
2446 13
2447 13
2448 13
2449 13
2450 13
2451 13
2452 13
2453 13
2454 13
2455 61
2456 15
2457 13
2458 47
2459 14
2460 14
2461 49
2462 13
2463 14
2464 46
2465 13
2466 48
2467 16
2468 13
2469 50
2470 14
2471 14
2472 47
2473 13
2474 15
2475 47
2476 13
2477 19
2478 54
2479 14
2480 13
2481 13
2482 14
2483 20
2484 38
2485 21
2486 22
2487 22
2488 27
2489 13
2490 13
2491 13
2492 13
2493 13
2494 13
2495 13
2496 13
2497 13
2498 13
2499 13
2500 13
2501 13
2502 14
2503 14
2504 14
2505 14
2506 14
2507 14
2508 14
2509 14
2510 14
2511 14
2512 14
2513 14
2514 14
2515 14
2516 14
2517 14
2518 14
2519 14
2520 14
2521 14
2522 14
2523 14
2524 14
2525 14
2526 14
2527 14
2528 14
2529 14
2530 14
2531 14
2532 14
2533 14
2534 14
2535 14
2536 14
2537 14
2538 14
2539 14
2540 14
2541 14
2542 14
2543 14
2544 14
2545 14
2546 14
2547 14
2548 14
2549 14
2550 14
2551 27
2552 14
2553 14
2554 14
2555 14
2556 14
2557 14
2558 14
2559 14
2560 14
2561 14
2562 14
2563 14
2564 14
2565 14
2566 14
2567 76
2568 20
2569 17
2570 21
2571 23
2572 21
2573 22
2574 22
2575 20
2576 103
2577 14
2578 14
2579 15
2580 14
2581 14
2582 14
2583 14
2584 14
2585 14
2586 14
2587 14
2588 14
2589 14
2590 14
2591 14
2592 15
2593 14
2594 14
2595 14
2596 14
2597 14
2598 14
2599 14
2600 14
2601 14
2602 14
2603 14
2604 14
2605 14
2606 14
2607 14
2608 14
2609 14
2610 14
2611 14
2612 14
2613 14
2614 14
2615 14
2616 14
2617 14
2618 14
2619 15
2620 14
2621 14
2622 14
2623 14
2624 14
2625 16
2626 14
2627 14
2628 14
2629 14
2630 14
2631 14
2632 14
2633 14
2634 14
2635 14
2636 14
2637 14
2638 14
2639 14
2640 14
2641 15
2642 14
2643 14
2644 14
2645 14
2646 14
2647 14
2648 14
2649 14
2650 14
2651 14
2652 14
2653 14
2654 14
2655 14
2656 14
2657 14
2658 14
2659 14
2660 14
2661 14
2662 16
2663 14
2664 14
2665 14
2666 14
2667 14
2668 14
2669 14
2670 14
2671 14
2672 14
2673 14
2674 14
2675 14
2676 14
2677 14
2678 14
2679 14
2680 14
2681 15
2682 14
2683 15
2684 14
2685 15
2686 15
2687 15
2688 15
2689 15
2690 15
2691 15
2692 15
2693 15
2694 15
2695 15
2696 15
2697 15
2698 15
2699 15
2700 15
2701 15
2702 15
2703 15
2704 15
2705 16
2706 15
2707 15
2708 15
2709 15
2710 15
2711 15
2712 15
2713 15
2714 15
2715 15
2716 15
2717 15
2718 15
2719 15
2720 15
2721 15
2722 15
2723 15
2724 15
2725 15
2726 15
2727 15
2728 15
2729 15
2730 15
2731 15
2732 16
2733 16
2734 15
2735 15
2736 15
2737 15
2738 15
2739 15
2740 16
2741 15
2742 15
2743 15
2744 15
2745 15
2746 15
2747 15
2748 15
2749 15
2750 15
2751 15
2752 15
2753 15
2754 15
2755 15
2756 15
2757 15
2758 15
2759 15
2760 15
2761 15
2762 15
2763 15
2764 15
2765 15
2766 15
2767 15
2768 15
2769 15
2770 15
2771 15
2772 15
2773 15
2774 15
2775 15
2776 15
2777 15
2778 15
2779 15
2780 15
2781 15
2782 15
2783 15
2784 15
2785 15
2786 15
2787 15
2788 29
2789 15
2790 15
2791 15
2792 15
2793 15
2794 15
2795 15
2796 15
2797 15
2798 15
2799 15
2800 15
2801 15
2802 15
2803 15
2804 15
2805 15
2806 15
2807 15
2808 15
2809 15
2810 15
2811 15
2812 15
2813 15
2814 15
2815 15
2816 15
2817 15
2818 15
2819 15
2820 15
2821 15
2822 15
2823 15
2824 15
2825 15
2826 16
2827 15
2828 15
2829 15
2830 15
2831 15
2832 15
2833 15
2834 15
2835 15
2836 15
2837 15
2838 15
2839 15
2840 15
2841 15
2842 15
2843 15
2844 15
2845 15
2846 15
2847 15
2848 15
2849 15
2850 15
2851 16
2852 23
2853 23
2854 23
2855 23
2856 16
2857 15
2858 15
2859 15
2860 16
2861 15
2862 15
2863 16
2864 16
2865 16
2866 16
2867 16
2868 16
2869 16
2870 16
2871 16
2872 16
2873 16
2874 16
2875 16
2876 16
2877 16
2878 16
2879 16
2880 16
2881 16
2882 16
2883 16
2884 16
2885 16
2886 16
2887 16
2888 16
2889 16
2890 16
2891 16
2892 16
2893 16
2894 16
2895 16
2896 16
2897 16
2898 16
2899 16
2900 16
2901 16
2902 16
2903 16
2904 16
2905 16
2906 16
2907 16
2908 16
2909 16
2910 16
2911 16
2912 16
2913 16
2914 16
2915 16
2916 16
2917 16
2918 16
2919 16
2920 16
2921 16
2922 16
2923 16
2924 16
2925 16
2926 16
2927 16
2928 16
2929 16
2930 55
2931 24
2932 16
2933 16
2934 16
2935 19
2936 18
2937 16
2938 16
2939 16
2940 16
2941 16
2942 16
2943 16
2944 16
2945 16
2946 16
2947 17
2948 16
2949 17
2950 16
2951 16
2952 16
2953 16
2954 16
2955 16
2956 16
2957 16
2958 17
2959 18
2960 16
2961 16
2962 16
2963 16
2964 16
2965 16
2966 16
2967 16
2968 16
2969 16
2970 16
2971 18
2972 25
2973 23
2974 16
2975 20
2976 16
2977 16
2978 16
2979 16
2980 16
2981 16
2982 16
2983 16
2984 16
2985 16
2986 16
2987 16
2988 16
2989 16
2990 16
2991 16
2992 16
2993 16
2994 16
2995 16
2996 16
2997 16
2998 16
2999 16
3000 16
3001 16
3002 16
3003 16
3004 16
3005 16
3006 16
3007 16
3008 16
3009 16
3010 16
3011 16
3012 16
3013 16
3014 16
3015 16
3016 16
3017 16
3018 16
3019 16
3020 16
3021 16
3022 16
3023 16
3024 16
3025 16
3026 16
3027 16
3028 16
3029 16
3030 16
3031 16
3032 16
3033 16
3034 16
3035 16
3036 16
3037 16
3038 16
3039 16
3040 17
3041 16
3042 16
3043 17
3044 17
3045 17
3046 17
3047 17
3048 17
3049 17
3050 17
3051 17
3052 17
3053 17
3054 17
3055 17
3056 17
3057 17
3058 17
3059 17
3060 17
3061 17
3062 17
3063 17
3064 17
3065 17
3066 17
3067 17
3068 17
3069 17
3070 17
3071 17
3072 17
3073 17
3074 17
3075 17
3076 17
3077 17
3078 17
3079 17
3080 17
3081 17
3082 17
3083 17
3084 17
3085 17
3086 17
3087 17
3088 17
3089 17
3090 17
3091 17
3092 17
3093 17
3094 17
3095 17
3096 17
3097 17
3098 17
3099 17
3100 17
3101 17
3102 17
3103 17
3104 17
3105 17
3106 17
3107 17
3108 17
3109 17
3110 17
3111 17
3112 17
3113 17
3114 17
3115 17
3116 17
3117 17
3118 17
3119 17
3120 17
3121 17
3122 17
3123 17
3124 17
3125 17
3126 17
3127 17
3128 17
3129 17
3130 17
3131 17
3132 17
3133 17
3134 17
3135 17
3136 17
3137 17
3138 17
3139 17
3140 17
3141 17
3142 17
3143 17
3144 17
3145 17
3146 17
3147 17
3148 17
3149 17
3150 17
3151 17
3152 17
3153 17
3154 17
3155 17
3156 17
3157 17
3158 17
3159 17
3160 17
3161 17
3162 17
3163 20
3164 17
3165 17
3166 17
3167 17
3168 17
3169 17
3170 17
3171 17
3172 17
3173 17
3174 17
3175 17
3176 17
3177 17
3178 17
3179 17
3180 17
3181 17
3182 17
3183 17
3184 17
3185 17
3186 17
3187 17
3188 17
3189 17
3190 17
3191 17
3192 17
3193 17
3194 17
3195 17
3196 17
3197 17
3198 17
3199 17
3200 17
3201 17
3202 17
3203 17
3204 17
3205 17
3206 17
3207 17
3208 17
3209 17
3210 17
3211 17
3212 17
3213 17
3214 17
3215 17
3216 17
3217 17
3218 17
3219 17
3220 17
3221 18
3222 18
3223 17
3224 18
3225 18
3226 18
3227 18
3228 18
3229 18
3230 18
3231 18
3232 18
3233 18
3234 18
3235 18
3236 18
3237 18
3238 44
3239 25
3240 33
3241 18
3242 18
3243 18
3244 25
3245 18
3246 18
3247 18
3248 18
3249 18
3250 18
3251 18
3252 18
3253 19
3254 18
3255 18
3256 18
3257 18
3258 18
3259 18
3260 18
3261 18
3262 18
3263 18
3264 18
3265 18
3266 18
3267 18
3268 18
3269 18
3270 18
3271 18
3272 18
3273 18
3274 18
3275 18
3276 18
3277 18
3278 18
3279 18
3280 18
3281 18
3282 18
3283 18
3284 18
3285 18
3286 18
3287 18
3288 18
3289 18
3290 18
3291 18
3292 18
3293 18
3294 18
3295 18
3296 18
3297 18
3298 18
3299 18
3300 18
3301 18
3302 18
3303 18
3304 18
3305 18
3306 18
3307 18
3308 18
3309 18
3310 18
3311 18
3312 18
3313 18
3314 18
3315 18
3316 18
3317 18
3318 18
3319 18
3320 18
3321 18
3322 18
3323 18
3324 18
3325 18
3326 18
3327 18
3328 18
3329 18
3330 18
3331 18
3332 18
3333 18
3334 18
3335 18
3336 18
3337 18
3338 18
3339 18
3340 18
3341 18
3342 18
3343 18
3344 18
3345 18
3346 18
3347 18
3348 18
3349 18
3350 18
3351 18
3352 18
3353 18
3354 18
3355 18
3356 18
3357 18
3358 18
3359 18
3360 18
3361 18
3362 18
3363 18
3364 18
3365 18
3366 18
3367 18
3368 18
3369 18
3370 18
3371 18
3372 18
3373 18
3374 18
3375 18
3376 18
3377 18
3378 18
3379 18
3380 18
3381 18
3382 18
3383 19
3384 18
3385 18
3386 18
3387 18
3388 18
3389 18
3390 18
3391 18
3392 18
3393 18
3394 18
3395 18
3396 18
3397 18
3398 18
3399 19
3400 18
3401 18
3402 19
3403 19
3404 19
3405 19
3406 19
3407 19
3408 19
3409 19
3410 19
3411 19
3412 19
3413 19
3414 19
3415 22
3416 19
3417 20
3418 19
3419 19
3420 20
3421 19
3422 20
3423 21
3424 20
3425 19
3426 19
3427 19
3428 19
3429 32
3430 20
3431 19
3432 19
3433 19
3434 19
3435 19
3436 19
3437 19
3438 19
3439 19
3440 19
3441 19
3442 19
3443 19
3444 19
3445 19
3446 19
3447 19
3448 19
3449 19
3450 19
3451 19
3452 19
3453 19
3454 19
3455 19
3456 19
3457 19
3458 19
3459 19
3460 19
3461 19
3462 19
3463 19
3464 19
3465 19
3466 19
3467 19
3468 19
3469 19
3470 19
3471 19
3472 19
3473 19
3474 19
3475 19
3476 19
3477 19
3478 19
3479 19
3480 19
3481 19
3482 19
3483 19
3484 19
3485 19
3486 19
3487 19
3488 19
3489 19
3490 19
3491 19
3492 19
3493 19
3494 19
3495 19
3496 19
3497 19
3498 19
3499 19
3500 19
3501 19
3502 19
3503 19
3504 19
3505 19
3506 19
3507 19
3508 19
3509 19
3510 19
3511 19
3512 19
3513 19
3514 19
3515 19
3516 19
3517 19
3518 19
3519 19
3520 19
3521 19
3522 19
3523 19
3524 19
3525 19
3526 19
3527 19
3528 19
3529 19
3530 19
3531 19
3532 19
3533 19
3534 19
3535 19
3536 19
3537 19
3538 19
3539 19
3540 29
3541 32
3542 20
3543 19
3544 19
3545 19
3546 19
3547 19
3548 19
3549 19
3550 19
3551 19
3552 19
3553 19
3554 19
3555 19
3556 19
3557 19
3558 19
3559 19
3560 19
3561 19
3562 19
3563 19
3564 19
3565 19
3566 19
3567 19
3568 19
3569 19
3570 20
3571 19
3572 19
3573 19
3574 19
3575 19
3576 19
3577 19
3578 20
3579 19
3580 19
3581 20
3582 20
3583 20
3584 20
3585 20
3586 20
3587 20
3588 28
3589 21
3590 20
3591 20
3592 20
3593 20
3594 20
3595 20
3596 20
3597 20
3598 20
3599 20
3600 20
3601 20
3602 20
3603 20
3604 20
3605 20
3606 20
3607 20
3608 20
3609 20
3610 20
3611 20
3612 20
3613 20
3614 20
3615 20
3616 20
3617 20
3618 20
3619 20
3620 20
3621 20
3622 21
3623 20
3624 20
3625 20
3626 20
3627 20
3628 20
3629 20
3630 20
3631 20
3632 20
3633 20
3634 20
3635 20
3636 20
3637 20
3638 20
3639 20
3640 20
3641 20
3642 20
3643 20
3644 20
3645 20
3646 20
3647 20
3648 20
3649 20
3650 20
3651 20
3652 20
3653 20
3654 20
3655 20
3656 20
3657 20
3658 20
3659 20
3660 20
3661 20
3662 20
3663 20
3664 20
3665 20
3666 20
3667 20
3668 20
3669 20
3670 20
3671 20
3672 20
3673 20
3674 20
3675 20
3676 20
3677 20
3678 20
3679 20
3680 20
3681 20
3682 20
3683 20
3684 20
3685 20
3686 20
3687 20
3688 20
3689 20
3690 20
3691 20
3692 20
3693 20
3694 20
3695 20
3696 20
3697 20
3698 20
3699 20
3700 20
3701 20
3702 20
3703 20
3704 20
3705 20
3706 20
3707 20
3708 20
3709 20
3710 20
3711 20
3712 20
3713 20
3714 20
3715 20
3716 20
3717 20
3718 20
3719 20
3720 20
3721 20
3722 20
3723 20
3724 20
3725 20
3726 20
3727 20
3728 20
3729 20
3730 20
3731 20
3732 20
3733 20
3734 20
3735 20
3736 20
3737 20
3738 20
3739 20
3740 20
3741 20
3742 20
3743 20
3744 20
3745 20
3746 20
3747 20
3748 20
3749 20
3750 20
3751 20
3752 20
3753 20
3754 20
3755 20
3756 20
3757 20
3758 20
3759 20
3760 21
3761 21
3762 20
3763 21
3764 21
3765 21
3766 21
3767 21
3768 21
3769 21
3770 21
3771 21
3772 21
3773 21
3774 21
3775 21
3776 21
3777 21
3778 21
3779 21
3780 21
3781 21
3782 21
3783 21
3784 21
3785 21
3786 21
3787 21
3788 21
3789 21
3790 21
3791 23
3792 21
3793 23
3794 21
3795 21
3796 21
3797 21
3798 21
3799 21
3800 21
3801 21
3802 21
3803 21
3804 21
3805 21
3806 21
3807 21
3808 21
3809 21
3810 21
3811 21
3812 21
3813 21
3814 21
3815 21
3816 21
3817 21
3818 21
3819 21
3820 21
3821 21
3822 21
3823 21
3824 21
3825 23
3826 21
3827 21
3828 21
3829 21
3830 21
3831 21
3832 21
3833 21
3834 21
3835 21
3836 21
3837 21
3838 21
3839 21
3840 21
3841 21
3842 21
3843 21
3844 21
3845 21
3846 21
3847 21
3848 21
3849 21
3850 21
3851 21
3852 21
3853 21
3854 21
3855 21
3856 21
3857 21
3858 21
3859 21
3860 21
3861 21
3862 21
3863 21
3864 66
3865 22
3866 21
3867 21
3868 21
3869 21
3870 21
3871 21
3872 21
3873 21
3874 21
3875 21
3876 21
3877 21
3878 21
3879 21
3880 21
3881 21
3882 21
3883 21
3884 21
3885 21
3886 21
3887 21
3888 21
3889 21
3890 21
3891 21
3892 21
3893 21
3894 21
3895 21
3896 21
3897 21
3898 21
3899 21
3900 21
3901 21
3902 21
3903 21
3904 21
3905 21
3906 21
3907 21
3908 21
3909 21
3910 21
3911 21
3912 21
3913 21
3914 21
3915 21
3916 21
3917 21
3918 21
3919 21
3920 21
3921 21
3922 21
3923 21
3924 21
3925 21
3926 21
3927 21
3928 21
3929 21
3930 21
3931 21
3932 21
3933 21
3934 21
3935 21
3936 21
3937 21
3938 22
3939 22
3940 22
3941 22
3942 22
3943 22
3944 22
3945 22
3946 22
3947 22
3948 22
3949 22
3950 22
3951 22
3952 22
3953 22
3954 22
3955 22
3956 22
3957 22
3958 22
3959 22
3960 22
3961 22
3962 22
3963 22
3964 22
3965 22
3966 22
3967 22
3968 22
3969 22
3970 22
3971 22
3972 22
3973 22
3974 22
3975 22
3976 22
3977 22
3978 22
3979 22
3980 22
3981 22
3982 22
3983 22
3984 22
3985 22
3986 22
3987 22
3988 22
3989 22
3990 22
3991 22
3992 22
3993 22
3994 22
3995 22
3996 22
3997 22
3998 22
3999 22
4000 22
4001 22
4002 22
4003 22
4004 22
4005 22
4006 22
4007 22
4008 22
4009 22
4010 22
4011 22
4012 22
4013 22
4014 22
4015 22
4016 22
4017 22
4018 22
4019 22
4020 22
4021 22
4022 22
4023 22
4024 22
4025 22
4026 22
4027 22
4028 22
4029 22
4030 22
4031 22
4032 22
4033 22
4034 22
4035 22
4036 22
4037 22
4038 22
4039 22
4040 22
4041 22
4042 22
4043 22
4044 22
4045 22
4046 22
4047 22
4048 22
4049 22
4050 22
4051 22
4052 22
4053 22
4054 22
4055 22
4056 22
4057 22
4058 22
4059 22
4060 22
4061 22
4062 22
4063 22
4064 22
4065 22
4066 22
4067 22
4068 22
4069 22
4070 22
4071 22
4072 22
4073 22
4074 22
4075 22
4076 22
4077 22
4078 22
4079 22
4080 22
4081 22
4082 22
4083 22
4084 22
4085 22
4086 22
4087 22
4088 22
4089 22
4090 22
4091 22
4092 22
4093 22
4094 22
4095 22
4096 22
4097 22
4098 22
4099 22
4100 22
4101 22
4102 22
4103 22
4104 22
4105 22
4106 22
4107 22
4108 22
4109 22
4110 22
4111 22
4112 22
4113 22
4114 22
4115 22
4116 23
4117 22
4118 22
4119 22
4120 23
4121 23
4122 24
4123 23
4124 23
4125 23
4126 23
4127 23
4128 23
4129 23
4130 23
4131 23
4132 23
4133 23
4134 23
4135 23
4136 23
4137 23
4138 23
4139 23
4140 23
4141 30
4142 27
4143 23
4144 23
4145 23
4146 23
4147 24
4148 24
4149 23
4150 23
4151 23
4152 23
4153 23
4154 23
4155 23
4156 23
4157 23
4158 23
4159 23
4160 23
4161 23
4162 23
4163 23
4164 23
4165 23
4166 23
4167 23
4168 23
4169 23
4170 23
4171 23
4172 23
4173 23
4174 23
4175 23
4176 23
4177 23
4178 23
4179 23
4180 23
4181 23
4182 23
4183 23
4184 23
4185 23
4186 23
4187 23
4188 23
4189 26
4190 24
4191 42
4192 23
4193 23
4194 23
4195 23
4196 23
4197 25
4198 23
4199 23
4200 23
4201 23
4202 23
4203 23
4204 23
4205 23
4206 23
4207 23
4208 23
4209 23
4210 23
4211 23
4212 23
4213 23
4214 23
4215 23
4216 23
4217 23
4218 23
4219 23
4220 23
4221 23
4222 24
4223 24
4224 23
4225 23
4226 23
4227 23
4228 23
4229 23
4230 23
4231 23
4232 23
4233 23
4234 23
4235 23
4236 23
4237 23
4238 23
4239 26
4240 23
4241 23
4242 23
4243 23
4244 23
4245 23
4246 23
4247 23
4248 23
4249 23
4250 23
4251 23
4252 23
4253 23
4254 23
4255 24
4256 23
4257 23
4258 23
4259 23
4260 23
4261 72
4262 27
4263 23
4264 23
4265 23
4266 23
4267 23
4268 23
4269 23
4270 23
4271 23
4272 23
4273 23
4274 23
4275 23
4276 23
4277 23
4278 23
4279 23
4280 23
4281 23
4282 23
4283 23
4284 23
4285 23
4286 23
4287 23
4288 23
4289 23
4290 23
4291 23
4292 23
4293 23
4294 23
4295 23
4296 23
4297 23
4298 23
4299 25
4300 24
4301 25
4302 24
4303 24
4304 24
4305 24
4306 24
4307 24
4308 24
4309 24
4310 24
4311 24
4312 24
4313 24
4314 24
4315 24
4316 24
4317 24
4318 24
4319 24
4320 24
4321 24
4322 24
4323 24
4324 24
4325 24
4326 24
4327 24
4328 24
4329 24
4330 24
4331 24
4332 24
4333 24
4334 24
4335 24
4336 24
4337 24
4338 24
4339 24
4340 24
4341 24
4342 24
4343 24
4344 24
4345 24
4346 24
4347 24
4348 24
4349 24
4350 24
4351 24
4352 24
4353 24
4354 24
4355 24
4356 24
4357 24
4358 24
4359 24
4360 24
4361 24
4362 24
4363 24
4364 24
4365 24
4366 24
4367 24
4368 24
4369 24
4370 24
4371 24
4372 24
4373 24
4374 24
4375 24
4376 24
4377 24
4378 24
4379 24
4380 24
4381 24
4382 24
4383 24
4384 24
4385 24
4386 24
4387 24
4388 24
4389 24
4390 24
4391 24
4392 24
4393 24
4394 24
4395 24
4396 24
4397 24
4398 24
4399 24
4400 24
4401 24
4402 24
4403 24
4404 24
4405 24
4406 24
4407 24
4408 24
4409 24
4410 24
4411 24
4412 24
4413 24
4414 24
4415 24
4416 24
4417 24
4418 24
4419 24
4420 24
4421 24
4422 24
4423 24
4424 24
4425 24
4426 24
4427 24
4428 24
4429 24
4430 24
4431 24
4432 24
4433 24
4434 24
4435 24
4436 24
4437 24
4438 24
4439 24
4440 24
4441 24
4442 24
4443 24
4444 24
4445 24
4446 24
4447 24
4448 24
4449 24
4450 24
4451 24
4452 24
4453 24
4454 24
4455 24
4456 24
4457 24
4458 24
4459 24
4460 24
4461 24
4462 24
4463 24
4464 24
4465 24
4466 24
4467 26
4468 24
4469 24
4470 24
4471 24
4472 24
4473 24
4474 24
4475 24
4476 25
4477 25
4478 25
4479 25
4480 25
4481 25
4482 25
4483 25
4484 25
4485 25
4486 25
4487 25
4488 25
4489 25
4490 25
4491 25
4492 25
4493 25
4494 25
4495 25
4496 25
4497 25
4498 25
4499 25
4500 25
4501 25
4502 25
4503 25
4504 25
4505 25
4506 25
4507 25
4508 25
4509 25
4510 25
4511 25
4512 25
4513 25
4514 25
4515 25
4516 25
4517 25
4518 25
4519 25
4520 25
4521 25
4522 25
4523 25
4524 25
4525 25
4526 25
4527 25
4528 25
4529 25
4530 25
4531 25
4532 25
4533 25
4534 25
4535 25
4536 25
4537 25
4538 25
4539 25
4540 25
4541 25
4542 25
4543 25
4544 25
4545 25
4546 25
4547 25
4548 25
4549 25
4550 25
4551 25
4552 25
4553 25
4554 25
4555 25
4556 25
4557 25
4558 25
4559 25
4560 25
4561 25
4562 25
4563 25
4564 25
4565 25
4566 25
4567 25
4568 25
4569 25
4570 25
4571 25
4572 25
4573 25
4574 25
4575 25
4576 25
4577 25
4578 25
4579 25
4580 25
4581 25
4582 25
4583 25
4584 25
4585 25
4586 25
4587 25
4588 25
4589 25
4590 25
4591 25
4592 25
4593 25
4594 25
4595 25
4596 25
4597 25
4598 37
4599 26
4600 26
4601 25
4602 25
4603 25
4604 25
4605 25
4606 25
4607 25
4608 25
4609 27
4610 25
4611 27
4612 25
4613 25
4614 25
4615 25
4616 25
4617 25
4618 25
4619 25
4620 25
4621 25
4622 25
4623 25
4624 25
4625 25
4626 25
4627 25
4628 26
4629 27
4630 27
4631 26
4632 25
4633 25
4634 25
4635 25
4636 25
4637 25
4638 25
4639 25
4640 25
4641 25
4642 25
4643 25
4644 25
4645 25
4646 25
4647 25
4648 25
4649 25
4650 25
4651 25
4652 25
4653 25
4654 25
4655 25
4656 26
4657 26
4658 26
4659 26
4660 26
4661 26
4662 26
4663 26
4664 26
4665 26
4666 26
4667 26
4668 26
4669 26
4670 26
4671 26
4672 26
4673 26
4674 26
4675 26
4676 26
4677 26
4678 26
4679 26
4680 26
4681 26
4682 26
4683 26
4684 26
4685 26
4686 26
4687 26
4688 26
4689 26
4690 26
4691 26
4692 26
4693 26
4694 26
4695 26
4696 26
4697 26
4698 26
4699 26
4700 26
4701 26
4702 26
4703 26
4704 26
4705 26
4706 26
4707 26
4708 26
4709 26
4710 26
4711 26
4712 26
4713 26
4714 26
4715 26
4716 26
4717 26
4718 26
4719 26
4720 26
4721 26
4722 26
4723 26
4724 26
4725 26
4726 26
4727 26
4728 26
4729 26
4730 26
4731 26
4732 26
4733 26
4734 26
4735 26
4736 26
4737 26
4738 26
4739 28
4740 26
4741 26
4742 26
4743 26
4744 26
4745 26
4746 26
4747 26
4748 26
4749 26
4750 26
4751 26
4752 26
4753 26
4754 26
4755 26
4756 26
4757 26
4758 26
4759 26
4760 26
4761 26
4762 26
4763 46
4764 26
4765 26
4766 26
4767 27
4768 27
4769 29
4770 26
4771 26
4772 26
4773 26
4774 26
4775 26
4776 26
4777 26
4778 26
4779 26
4780 26
4781 26
4782 26
4783 26
4784 26
4785 26
4786 26
4787 26
4788 26
4789 26
4790 26
4791 26
4792 26
4793 26
4794 26
4795 26
4796 26
4797 26
4798 26
4799 26
4800 26
4801 26
4802 26
4803 26
4804 26
4805 26
4806 26
4807 26
4808 26
4809 26
4810 26
4811 26
4812 26
4813 26
4814 26
4815 26
4816 26
4817 26
4818 26
4819 26
4820 26
4821 26
4822 26
4823 26
4824 26
4825 26
4826 26
4827 26
4828 26
4829 26
4830 27
4831 26
4832 26
4833 27
4834 26
4835 26
4836 27
4837 27
4838 27
4839 27
4840 27
4841 27
4842 27
4843 27
4844 27
4845 27
4846 27
4847 27
4848 27
4849 27
4850 27
4851 27
4852 27
4853 27
4854 27
4855 27
4856 27
4857 27
4858 27
4859 27
4860 27
4861 27
4862 27
4863 27
4864 27
4865 27
4866 27
4867 27
4868 27
4869 27
4870 27
4871 27
4872 27
4873 27
4874 27
4875 27
4876 27
4877 27
4878 27
4879 27
4880 27
4881 27
4882 27
4883 27
4884 27
4885 27
4886 27
4887 27
4888 27
4889 27
4890 27
4891 27
4892 27
4893 27
4894 27
4895 27
4896 27
4897 27
4898 27
4899 27
4900 27
4901 27
4902 27
4903 27
4904 27
4905 27
4906 27
4907 27
4908 27
4909 27
4910 27
4911 27
4912 27
4913 27
4914 27
4915 27
4916 27
4917 27
4918 27
4919 27
4920 27
4921 27
4922 27
4923 27
4924 27
4925 27
4926 27
4927 27
4928 27
4929 27
4930 27
4931 27
4932 27
4933 27
4934 27
4935 27
4936 27
4937 27
4938 27
4939 27
4940 27
4941 27
4942 27
4943 27
4944 27
4945 27
4946 27
4947 27
4948 27
4949 27
4950 27
4951 27
4952 27
4953 27
4954 27
4955 27
4956 27
4957 27
4958 27
4959 27
4960 27
4961 27
4962 27
4963 29
4964 27
4965 27
4966 27
4967 27
4968 27
4969 27
4970 27
4971 27
4972 39
4973 27
4974 29
4975 68
4976 27
4977 27
4978 27
4979 27
4980 27
4981 27
4982 27
4983 27
4984 27
4985 27
4986 27
4987 27
4988 27
4989 27
4990 27
4991 27
4992 27
4993 27
4994 27
4995 27
4996 27
4997 27
4998 27
4999 27
