4 0
5 0
6 0
7 0
8 0
9 0
10 0
11 0
12 0
13 0
14 1
15 1
16 1
17 1
18 1
19 1
20 1
21 1
22 1
23 2
24 2
25 2
26 2
27 2
28 3
29 3
30 3
31 3
32 3
33 4
34 4
35 4
36 4
37 5
38 5
39 5
40 5
41 5
42 6
43 6
44 6
45 7
46 7
47 7
48 7
49 8
50 8
51 8
52 9
53 9
54 9
55 10
56 47
57 10
58 11
59 11
60 11
61 12
62 12
63 13
64 13
65 13
66 17
67 14
68 15
69 15
70 15
71 29
72 72
73 17
74 17
75 18
76 18
77 18
78 19
79 19
80 20
81 20
82 22
83 21
84 22
85 22
86 23
87 23
88 24
89 24
90 25
91 26
92 26
93 27
94 27
95 28
96 28
97 29
98 29
99 30
100 30
101 31
102 32
103 32
104 33
105 34
106 34
107 35
108 35
109 37
110 37
111 37
112 38
113 39
114 62
115 71
116 98
117 61
118 61
119 68
120 44
121 46
122 193
123 47
124 47
125 724
126 61
127 58
128 49
129 50
130 51
131 52
132 52
133 54
134 66
135 69
136 55
137 56
138 58
139 58
140 59
141 65
142 114
143 62
144 63
145 64
146 64
147 65
148 66
149 67
150 68
151 69
152 69
153 70
154 71
155 72
156 72
157 122
158 74
159 77
160 76
161 77
162 78
163 79
164 80
165 81
166 82
167 83
168 84
169 85
170 136
171 87
172 88
173 89
174 90
175 91
176 95
177 93
178 94
179 96
180 98
181 132
182 98
183 99
184 100
185 101
186 103
187 103
188 104
189 105
190 106
191 138
192 109
193 110
194 111
195 112
196 113
197 114
198 115
199 117
200 118
201 145
202 117
203 118
204 119
205 128
206 122
207 123
208 124
209 125
210 169
211 131
212 132
213 133
214 135
215 136
216 137
217 138
218 164
219 141
220 142
221 195
222 145
223 146
224 147
225 149
226 150
227 151
228 188
229 749
230 155
231 156
232 183
233 186
234 161
235 162
236 192
237 160
238 162
239 163
240 165
241 176
242 167
243 181
244 174
245 175
246 182
247 178
248 180
249 223
250 183
251 184
252 186
253 187
254 189
255 231
256 192
257 214
258 194
259 212
260 198
261 199
262 201
263 202
264 203
265 248
266 206
267 208
268 216
269 227
270 260
271 215
272 218
273 217
274 219
275 220
276 254
277 224
278 225
279 227
280 444
281 230
282 232
283 233
284 266
285 231
286 232
287 234
288 235
289 304
290 245
291 255
292 255
293 278
294 311
295 253
296 256
297 256
298 309
299 260
300 267
301 263
302 382
303 267
304 269
305 270
306 305
307 274
308 280
309 278
310 304
311 281
312 285
313 327
314 287
315 288
316 290
317 313
318 294
319 317
320 297
321 365
322 301
323 303
324 313
325 349
326 308
327 315
328 315
329 354
330 316
331 318
332 445
333 322
334 324
335 326
336 378
337 330
338 331
339 368
340 335
341 337
342 339
343 392
344 343
345 345
346 381
347 349
348 351
349 387
350 355
351 456
352 397
353 361
354 378
355 403
356 411
357 369
358 394
359 373
360 375
361 391
362 382
363 381
364 400
365 385
366 388
367 411
368 391
369 394
370 415
371 398
372 400
373 423
374 404
375 406
376 446
377 416
378 423
379 447
380 424
381 427
382 452
383 438
384 426
385 459
386 434
387 466
388 437
389 437
390 516
391 447
392 486
393 446
394 455
395 486
396 487
397 519
398 493
399 466
400 490
401 470
402 534
403 469
404 473
405 502
406 479
407 520
408 480
409 486
410 512
411 493
412 517
413 492
414 500
415 527
416 505
417 531
418 578
419 944
420 631
421 512
422 641
423 522
424 565
425 521
426 562
427 526
428 614
429 531
430 533
431 578
432 539
433 611
434 543
435 581
436 548
437 589
438 554
439 594
440 558
441 593
442 564
443 619
444 565
445 604
446 573
447 577
448 635
449 581
450 632
451 586
452 628
453 592
454 629
455 597
456 633
457 602
458 640
459 644
460 609
461 650
462 616
463 662
464 620
465 659
466 625
467 664
468 632
469 681
470 635
471 670
472 657
473 678
474 679
475 649
476 713
477 656
478 711
479 661
480 685
481 695
482 652
483 718
484 675
485 774
486 679
487 712
488 706
489 688
490 718
491 693
492 722
493 698
494 756
495 742
496 707
497 798
498 714
499 749
500 760
501 725
502 753
503 729
504 756
505 748
506 737
507 764
508 743
509 812
510 795
511 750
512 788
513 784
514 760
515 800
516 803
517 769
518 877
519 808
520 785
521 813
522 816
523 804
524 826
525 910
526 861
527 825
528 833
529 807
530 840
531 848
532 814
533 848
534 856
535 823
536 866
537 919
538 833
539 837
540 871
541 893
542 846
543 885
544 908
545 854
546 874
547 881
548 925
549 866
550 905
551 902
552 908
553 878
554 943
555 963
556 896
557 900
558 933
559 934
560 936
561 903
562 968
563 951
564 939
565 916
566 920
567 1082
568 958
569 961
570 969
571 937
572 1044
573 1258
574 999
575 973
576 990
577 957
578 1011
579 1040
580 989
581 999
582 971
583 1114
584 1016
585 1048
586 1073
587 1223
588 1147
589 1063
590 1027
591 1041
592 1035
593 1010
594 1074
595 1069
596 1054
597 1057
598 1058
599 1062
600 1033
601 1070
602 1042
603 1178
604 1123
605 1106
606 1143
607 1092
608 1094
609 1116
610 1135
611 1113
612 1073
613 1092
614 1098
615 1111
616 1146
617 1119
618 1131
619 1111
620 1122
621 1122
622 1132
623 1160
624 1117
625 1133
626 1149
627 1148
628 1146
629 1151
630 1149
631 1160
632 1185
633 1166
634 1180
635 1221
636 1177
637 1180
638 1209
639 1183
640 1175
641 1215
642 1200
643 1214
644 1216
645 1228
646 1217
647 1245
648 1204
649 1228
650 1229
651 1233
652 1246
653 1373
654 1379
655 1246
656 1252
657 1261
658 1313
659 1264
660 1276
661 1302
662 1272
663 1423
664 1280
665 1284
666 1308
667 1289
668 1309
669 1308
670 1321
671 1323
672 1384
673 1316
674 1336
675 1338
676 1325
677 1329
678 1357
679 1331
680 1355
681 1345
682 1348
683 1408
684 1367
685 1391
686 1370
687 1374
688 1377
689 1390
690 1382
691 1392
692 1387
693 1392
694 1405
695 1420
696 1483
697 1450
698 1424
699 1432
700 1421
701 1426
702 1468
703 1431
704 1449
705 1473
706 1448
707 1473
708 1480
709 1476
710 1493
711 1480
712 1536
713 1506
714 1497
715 1499
716 1532
717 1506
718 1546
719 1598
720 1539
721 1507
722 1497
723 1534
724 1667
725 1539
726 1544
727 1580
728 1617
729 1556
730 1597
731 1569
732 1601
733 1599
734 1627
735 1611
736 1586
737 1593
738 1648
739 1618
740 1603
741 1631
742 1638
743 1612
744 1640
745 1659
746 1616
747 1631
748 1671
749 1697
750 1676
751 1665
752 1652
753 1683
754 1685
755 1740
756 1680
757 1697
758 1737
759 1698
760 1691
761 1722
762 1754
763 1701
764 1753
765 1757
766 1833
767 1808
768 1945
769 1733
770 1764
771 1731
772 1736
773 1802
774 1781
775 1801
776 1755
777 3984
778 1788
779 1772
780 1851
781 1904
782 1934
783 1862
784 2035
785 2003
786 2031
787 1786
788 1853
789 1848
790 1853
791 1829
792 1871
793 1915
794 1918
795 1840
796 1886
797 1860
798 1942
799 1858
800 1907
801 1856
802 2038
803 1897
804 1911
805 1943
806 1893
807 1958
808 1910
809 2226
810 2046
811 1952
812 1916
813 2204
814 1925
815 2009
816 1995
817 1980
818 1994
819 1962
820 1947
821 2108
822 1975
823 2001
824 2023
825 2088
826 2014
827 2807
828 2510
829 2083
830 2064
831 2017
832 2611
833 2294
834 2111
835 2208
836 2098
837 2296
838 3274
839 2497
840 2497
841 2131
842 2160
843 2066
844 2119
845 2138
846 2256
847 2812
848 2461
849 2425
850 2104
851 2207
852 2171
853 2363
854 2226
855 2959
856 2268
857 2181
858 2173
859 2190
860 2271
861 2725
862 2965
863 2165
864 2186
865 2218
866 2248
867 2365
868 2380
869 3251
870 2300
871 2190
872 2294
873 2260
874 2366
875 3007
876 2802
877 2274
878 2264
879 2555
880 2693
881 5709
882 2302
883 2305
884 2349
885 2398
886 2331
887 2655
888 2451
889 2357
890 2377
891 2596
892 2469
893 2406
894 2359
895 2351
896 2379
897 2346
898 2335
899 2369
900 2440
901 2390
902 2384
903 2414
904 2444
905 2378
906 2405
907 2502
908 2436
909 2566
910 2635
911 2439
912 2496
913 2475
914 2472
915 2427
916 2441
917 2491
918 2427
919 2430
920 2492
921 2482
922 2457
923 2555
924 2453
925 2502
926 2475
927 2665
928 2482
929 2527
930 2568
931 2502
932 2500
933 2553
934 2567
935 2518
936 2548
937 2527
938 2592
939 2580
940 2603
941 2571
942 2657
943 2631
944 2585
945 2621
946 2746
947 2598
948 2682
949 2600
950 2599
951 2626
952 2652
953 2618
954 2679
955 2642
956 2686
957 2740
958 2676
959 2648
960 2801
961 2665
962 2689
963 2829
964 2730
965 2711
966 2844
967 2688
968 2698
969 2881
970 2697
971 2827
972 2782
973 2804
974 2737
975 2858
976 2785
977 2801
978 2818
979 2778
980 2888
981 2810
982 2816
983 2880
984 2783
985 2820
986 2876
987 2829
988 2951
989 3076
990 2825
991 2998
992 2855
993 2958
994 2873
995 2858
996 2879
997 3098
998 2960
999 2932
