1 2
2 2
3 2
4 2
5 2
6 2
7 2
8 2
9 2
10 3
11 3
12 2
13 3
14 3
15 3
16 10
17 4
18 178
19 3
20 4
21 5
22 3
23 5
24 3
25 5
26 8
27 6
28 8
29 30
30 5
31 6
32 6
33 7
34 8
35 8
36 8
37 4
38 4
39 5
40 10
41 12
42 19
43 18
44 15
45 6
46 7
47 11
48 15
49 9
50 18
51 37
52 10
53 14
54 9
55 23
56 20
57 9
58 10
59 5
60 11
61 13
62 5
63 6
64 28
65 29
66 6
67 218
68 27
69 7
70 11
71 23
72 5
73 5
74 15
75 5
76 15
77 35
78 6
79 21
80 20
81 10
82 17
83 6
84 12
85 11
86 12
87 26
88 7
89 26
90 32
91 43
92 23
93 89
94 29
95 30
96 9
97 15
98 6
99 22
100 18
101 46
102 39
103 23
104 21
105 14
106 35
107 22
108 20
109 31
110 32
111 24
112 29
113 13
114 27
115 20
116 11
117 37
118 14
119 15
120 23
121 25
122 26
123 25
124 31
125 22
126 25
127 22
128 30
129 24
130 21
131 22
132 30
133 20
134 33
135 45
136 33
137 33
138 23
139 74
140 24
141 21
142 71
143 26
144 30
145 23
146 22
147 22
148 25
149 26
150 29
151 22
152 26
153 30
154 37
155 26
156 23
157 24
158 25
159 34
160 23
161 24
162 23
163 24
164 24
165 27
166 32
167 16
168 18
169 26
170 97
171 40
172 38
173 17
174 17
175 32
176 26
177 17
178 22
179 22
180 16
181 16
182 16
183 22
184 22
185 16
186 16
187 32
188 44
189 63
190 34
191 35
192 50
193 42
194 45
195 34
196 34
197 28
198 26
199 35
200 29
201 36
202 47
203 41
204 48
205 102
206 31
207 42
208 41
209 37
210 35
211 27
212 36
213 35
214 63
215 35
216 35
217 72
218 50
219 44
220 20
221 24
222 19
223 27
224 36
225 37
226 27
227 34
228 35
229 36
230 39
231 44
232 54
233 30
234 36
235 37
236 37
237 78
238 38
239 37
240 37
241 29
242 39
243 42
244 33
245 37
246 38
247 38
248 38
249 38
250 38
251 42
252 49
253 27
254 41
255 26
256 28
257 40
258 29
259 32
260 28
261 34
262 29
263 29
264 40
265 60
266 45
267 46
268 76
269 45
270 86
271 44
272 37
273 34
274 37
275 35
276 44
277 40
278 31
279 56
280 30
281 29
282 42
283 39
284 41
285 63
286 39
287 93
288 70
289 312
290 321
291 54
292 87
293 59
294 56
295 64
296 53
297 123
298 96
299 109
300 91
301 191
302 171
303 163
304 95
305 79
306 87
307 132
308 68
309 56
310 57
311 72
312 141
313 55
314 53
315 106
316 140
317 124
318 76
319 116
320 103
321 83
322 75
323 57
324 70
325 55
326 51
327 69
328 126
329 64
330 87
331 76
332 68
333 65
334 63
335 66
336 124
337 51
338 72
339 36
340 56
341 46
342 38
343 52
344 49
345 38
346 33
347 41
348 33
349 38
350 33
351 38
352 44
353 39
354 33
355 39
356 39
357 39
358 39
359 39
360 40
361 33
362 42
363 40
364 39
365 50
366 40
367 39
368 40
369 35
370 41
371 40
372 35
373 50
374 40
375 42
376 40
377 40
378 50
379 40
380 41
381 41
382 44
383 41
384 47
385 40
386 41
387 41
388 41
389 42
390 41
391 54
392 42
393 41
394 41
395 41
396 42
397 41
398 42
399 41
400 48
401 47
402 63
403 58
404 84
405 59
406 62
407 62
408 69
409 89
410 68
411 87
412 78
413 69
414 94
415 87
416 548
417 72
418 104
419 126
420 73
421 508
422 65
423 65
424 65
425 64
426 102
427 76
428 109
429 72
430 74
431 43
432 45
433 52
434 51
435 51
436 94
437 63
438 68
439 82
440 71
441 62
442 64
443 62
444 69
445 71
446 108
447 85
448 83
449 94
450 88
451 104
452 96
453 91
454 89
455 59
456 56
457 68
458 84
459 69
460 94
461 143
462 212
463 128
464 77
465 91
466 103
467 93
468 244
469 158
470 184
471 100
472 90
473 99
474 91
475 95
476 57
477 54
478 68
479 197
480 66
481 57
482 50
483 70
484 72
485 64
486 61
487 89
488 101
489 156
490 136
491 602
492 115
493 87
494 106
495 57
496 156
497 76
498 160
499 109
500 78
501 143
502 89
503 106
504 94
505 83
506 89
507 119
508 115
509 111
510 103
511 93
512 55
513 76
514 295
515 182
516 74
517 63
518 78
519 59
520 55
521 55
522 55
523 54
524 55
525 66
526 56
527 54
528 61
529 54
530 55
531 55
532 127
533 55
534 110
535 97
536 56
537 93
538 56
539 57
540 55
541 55
542 55
543 56
544 66
545 56
546 56
547 55
548 55
549 56
550 56
551 71
552 129
553 101
554 138
555 117
556 93
557 799
558 207
559 110
560 111
561 91
562 103
563 99
564 73
565 105
566 100
567 63
568 63
569 57
570 57
571 59
572 73
573 64
574 57
575 59
576 64
577 70
578 57
579 73
580 63
581 57
582 58
583 64
584 58
585 57
586 75
587 57
588 64
589 64
590 58
591 66
592 68
593 78
594 65
595 75
596 68
597 66
598 66
599 64
600 59
601 64
602 69
603 64
604 59
605 65
606 59
607 65
608 59
609 65
610 117
611 111
612 74
613 73
614 82
615 75
616 107
617 60
618 80
619 65
620 80
621 65
622 66
623 70
624 73
625 60
626 66
627 77
628 63
629 77
630 67
631 69
632 68
633 67
634 116
635 103
636 132
637 113
638 177
639 151
640 140
641 125
642 221
643 147
644 110
645 118
646 141
647 196
648 142
649 308
650 349
651 255
652 202
653 332
654 335
655 172
656 188
657 114
658 198
659 164
660 233
661 252
662 275
663 136
664 163
665 152
666 168
667 417
668 139
669 187
670 134
671 146
672 150
673 138
674 131
675 131
676 132
677 113
678 86
679 72
680 91
681 114
682 123
683 140
684 105
685 99
686 183
687 99
688 100
689 121
690 113
691 106
692 93
693 70
694 74
695 75
696 109
697 115
698 119
699 109
700 137
701 138
702 160
703 127
704 156
705 90
706 82
707 114
708 80
709 94
710 76
711 139
712 71
713 70
714 76
715 86
716 100
717 92
718 71
719 89
720 78
721 122
722 149
723 150
724 143
725 111
726 84
727 90
728 74
729 77
730 93
731 78
732 91
733 78
734 87
735 78
736 72
737 91
738 158
739 139
740 155
741 140
742 156
743 142
744 140
745 80
746 99
747 131
748 111
749 131
750 118
751 140
752 88
753 73
754 79
755 79
756 104
757 112
758 114
759 125
760 116
761 116
762 80
763 82
764 95
765 79
766 118
767 125
768 140
769 115
770 132
771 114
772 132
773 119
774 89
775 267
776 97
777 89
778 86
779 261
780 155
781 124
782 122
783 122
784 87
785 81
786 80
787 85
788 80
789 94
790 80
791 135
792 193
793 201
794 159
795 286
796 152
797 109
798 121
799 143
800 127
801 125
802 128
803 124
804 124
805 136
806 123
807 124
808 123
809 125
810 105
811 88
812 88
813 84
814 82
815 82
816 83
817 106
818 89
819 89
820 86
821 83
822 82
823 88
824 99
825 82
826 92
827 83
828 101
829 89
830 93
831 84
832 102
833 94
834 94
835 89
836 101
837 87
838 166
839 135
840 154
841 125
842 181
843 112
844 123
845 99
846 105
847 97
848 165
849 135
850 371
851 89
852 139
853 106
854 155
855 152
856 361
857 125
858 257
859 143
860 139
861 119
862 123
863 116
864 146
865 102
866 141
867 111
868 155
869 175
870 198
871 140
872 118
873 117
874 157
875 108
876 256
877 199
878 237
879 257
880 136
881 94
882 193
883 148
884 200
885 184
886 843
887 178
888 138
889 102
890 109
891 93
892 242
893 153
894 195
895 157
896 179
897 168
898 197
899 174
900 528
901 143
902 559
903 139
904 146
905 137
906 138
907 134
908 131
909 136
910 145
911 179
912 124
913 97
914 104
915 97
916 101
917 96
918 95
919 93
920 94
921 93
922 94
923 94
924 95
925 93
926 94
927 94
928 95
929 95
930 107
931 94
932 97
933 94
934 95
935 94
936 95
937 96
938 101
939 111
940 102
941 104
942 119
943 156
944 128
945 116
946 589
947 271
948 200
949 190
950 140
951 149
952 153
953 145
954 152
955 141
956 174
957 149
958 143
959 143
960 151
961 152
962 142
963 167
964 175
965 144
966 160
967 150
968 159
969 154
970 168
971 146
972 193
973 150
974 146
975 156
976 153
977 149
978 155
979 146
980 153
981 151
982 156
983 168
984 147
985 172
986 145
987 169
988 170
989 192
990 153
991 161
992 152
993 180
994 119
995 120
996 136
997 160
998 192
999 222
1000 399
1001 112
1002 125
1003 120
1004 173
1005 142
1006 163
1007 217
1008 254
1009 173
1010 219
1011 133
1012 108
1013 141
1014 130
1015 162
1016 203
1017 359
1018 107
1019 129
1020 126
1021 138
1022 133
1023 173
1024 211
1025 276
1026 245
1027 121
1028 123
1029 124
1030 226
1031 161
1032 147
1033 122
1034 142
1035 133
1036 117
1037 115
1038 110
1039 108
1040 114
1041 119
1042 110
1043 123
1044 109
1045 124
1046 111
1047 109
1048 140
1049 109
1050 108
1051 109
1052 120
1053 111
1054 118
1055 108
1056 118
1057 108
1058 110
1059 108
1060 109
1061 108
1062 111
1063 119
1064 109
1065 118
1066 115
1067 129
1068 115
1069 109
1070 109
1071 109
1072 109
1073 109
1074 129
1075 116
1076 135
1077 112
1078 118
1079 115
1080 116
1081 110
1082 110
1083 121
1084 116
1085 213
1086 171
1087 192
1088 178
1089 198
1090 174
1091 179
1092 200
1093 172
1094 196
1095 187
1096 133
1097 115
1098 125
1099 118
1100 261
1101 211
1102 179
1103 202
1104 175
1105 195
1106 183
1107 184
1108 192
1109 195
1110 203
1111 119
1112 149
1113 124
1114 124
1115 120
1116 114
1117 126
1118 112
1119 134
1120 116
1121 131
1122 168
1123 119
1124 119
1125 122
1126 140
1127 134
1128 135
1129 115
1130 133
1131 144
1132 124
1133 124
1134 149
1135 134
1136 125
1137 140
1138 128
1139 119
1140 117
1141 119
1142 128
1143 118
1144 130
1145 127
1146 133
1147 134
1148 131
1149 143
1150 124
1151 136
1152 131
1153 131
1154 124
1155 132
1156 123
1157 130
1158 145
1159 127
1160 188
1161 190
1162 211
1163 199
1164 206
1165 214
1166 200
1167 221
1168 218
1169 203
1170 210
1171 192
1172 217
1173 204
1174 210
1175 191
1176 202
1177 200
1178 200
1179 218
1180 215
1181 206
1182 199
1183 204
1184 201
1185 209
1186 214
1187 250
1188 154
1189 186
1190 197
1191 197
1192 207
1193 219
1194 220
1195 216
1196 202
1197 219
1198 213
1199 137
1200 171
1201 128
1202 151
1203 141
1204 128
1205 139
1206 136
1207 143
1208 133
1209 133
1210 134
1211 131
1212 213
1213 200
1214 138
1215 153
1216 154
1217 334
1218 357
1219 210
1220 131
1221 134
1222 148
1223 153
1224 257
1225 259
1226 180
1227 167
1228 149
1229 164
1230 137
1231 152
1232 139
1233 160
1234 267
1235 364
1236 426
1237 154
1238 132
1239 144
1240 132
1241 185
1242 154
1243 238
1244 314
1245 187
1246 282
1247 162
1248 186
1249 143
1250 136
1251 178
1252 269
1253 164
1254 144
1255 137
1256 165
1257 142
1258 149
1259 132
1260 199
1261 142
1262 136
1263 149
1264 136
1265 152
1266 234
1267 276
1268 285
1269 273
1270 133
1271 199
1272 175
1273 176
1274 148
1275 151
1276 171
1277 135
1278 149
1279 149
1280 169
1281 139
1282 508
1283 153
1284 133
1285 143
1286 146
1287 139
1288 145
1289 134
1290 154
1291 163
1292 144
1293 153
1294 159
1295 139
1296 141
1297 225
1298 250
1299 228
1300 242
1301 214
1302 209
1303 259
1304 237
1305 216
1306 224
1307 154
1308 161
1309 137
1310 138
1311 139
1312 140
1313 1061
1314 221
1315 210
1316 195
1317 212
1318 230
1319 212
1320 207
1321 203
1322 216
1323 242
1324 146
1325 141
1326 149
1327 205
1328 251
1329 207
1330 149
1331 225
1332 207
1333 151
1334 138
1335 141
1336 152
1337 144
1338 149
1339 137
1340 150
1341 154
1342 136
1343 136
1344 161
1345 142
1346 152
1347 142
1348 146
1349 148
1350 251
1351 230
1352 213
1353 216
1354 248
1355 173
1356 238
1357 277
1358 218
1359 250
1360 256
1361 226
1362 250
1363 224
1364 230
1365 228
1366 241
1367 241
1368 224
1369 240
1370 245
1371 238
1372 233
1373 254
1374 228
1375 246
1376 245
1377 236
1378 237
1379 238
1380 252
1381 240
1382 251
1383 247
1384 241
1385 235
1386 267
1387 235
1388 260
1389 236
1390 248
1391 256
1392 248
1393 460
1394 583
1395 509
1396 465
1397 244
1398 172
1399 270
1400 319
1401 219
1402 348
1403 178
1404 332
1405 167
1406 162
1407 183
1408 176
1409 186
1410 324
1411 167
1412 170
1413 203
1414 185
1415 233
1416 302
1417 210
1418 430
1419 211
1420 230
1421 266
1422 252
1423 277
1424 172
1425 155
1426 205
1427 175
1428 264
1429 281
1430 249
1431 154
1432 207
1433 240
1434 280
1435 238
1436 247
1437 259
1438 240
1439 243
1440 252
1441 248
1442 332
1443 151
1444 151
1445 170
1446 156
1447 156
1448 166
1449 149
1450 161
1451 168
1452 155
1453 149
1454 155
1455 151
1456 159
1457 150
1458 188
1459 170
1460 150
1461 150
1462 171
1463 159
1464 161
1465 247
1466 235
1467 266
1468 1345
1469 265
1470 300
1471 235
1472 300
1473 300
1474 254
1475 253
1476 278
1477 250
1478 249
1479 276
1480 231
1481 172
1482 157
1483 151
1484 173
1485 159
1486 151
1487 175
1488 158
1489 154
1490 168
1491 160
1492 169
1493 170
1494 160
1495 163
1496 165
1497 158
1498 167
1499 158
1500 162
1501 202
1502 160
1503 163
1504 163
1505 174
1506 154
1507 171
1508 165
1509 288
1510 198
1511 169
1512 208
1513 251
1514 234
1515 262
1516 279
1517 264
1518 254
1519 274
1520 260
1521 261
1522 386
1523 283
1524 273
1525 267
1526 304
1527 282
1528 256
1529 250
1530 275
1531 239
1532 163
1533 177
1534 161
1535 164
1536 172
1537 163
1538 167
1539 197
1540 170
1541 167
1542 177
1543 170
1544 169
1545 175
1546 162
1547 164
1548 176
1549 162
1550 166
1551 263
1552 193
1553 162
1554 177
1555 172
1556 167
1557 173
1558 165
1559 164
1560 240
1561 165
1562 165
1563 173
1564 165
1565 165
1566 181
1567 166
1568 209
1569 183
1570 169
1571 166
1572 218
1573 297
1574 264
1575 307
1576 355
1577 543
1578 253
1579 172
1580 191
1581 242
1582 203
1583 282
1584 347
1585 482
1586 278
1587 303
1588 276
1589 329
1590 330
1591 217
1592 273
1593 332
1594 374
1595 369
1596 369
1597 176
1598 173
1599 186
1600 184
1601 195
1602 216
1603 231
1604 225
1605 221
1606 290
1607 312
1608 295
1609 252
1610 174
1611 190
1612 191
1613 179
1614 178
1615 198
1616 211
1617 313
1618 218
1619 180
1620 173
1621 183
1622 176
1623 174
1624 177
1625 175
1626 167
1627 183
1628 167
1629 469
1630 366
1631 608
1632 301
1633 307
1634 272
1635 287
1636 301
1637 300
1638 283
1639 357
1640 346
1641 259
1642 281
1643 288
1644 180
1645 334
1646 203
1647 525
1648 268
1649 425
1650 176
1651 174
1652 185
1653 175
1654 178
1655 196
1656 187
1657 175
1658 176
1659 185
1660 175
1661 180
1662 271
1663 254
1664 181
1665 187
1666 209
1667 177
1668 186
1669 175
1670 175
1671 188
1672 187
1673 175
1674 176
1675 186
1676 179
1677 175
1678 189
1679 175
1680 182
1681 186
1682 178
1683 176
1684 190
1685 203
1686 233
1687 183
1688 219
1689 177
1690 178
1691 187
1692 180
1693 183
1694 193
1695 213
1696 179
1697 181
1698 199
1699 280
1700 276
1701 324
1702 286
1703 198
1704 212
1705 244
1706 278
1707 242
1708 397
1709 379
1710 574
1711 719
1712 376
1713 328
1714 365
1715 397
1716 382
1717 382
1718 426
1719 552
1720 438
1721 342
1722 319
1723 326
1724 388
1725 336
1726 324
1727 333
1728 341
1729 315
1730 321
1731 331
1732 307
1733 304
1734 404
1735 296
1736 294
1737 288
1738 294
1739 290
1740 294
1741 301
1742 286
1743 299
1744 294
1745 355
1746 297
1747 303
1748 305
1749 304
1750 299
1751 296
1752 298
1753 298
1754 304
1755 299
1756 359
1757 326
1758 296
1759 304
1760 299
1761 308
1762 451
1763 198
1764 192
1765 190
1766 189
1767 183
1768 198
1769 293
1770 190
1771 325
1772 273
1773 211
1774 188
1775 187
1776 197
1777 181
1778 217
1779 305
1780 284
1781 322
1782 221
1783 207
1784 195
1785 192
1786 191
1787 201
1788 263
1789 216
1790 192
1791 198
1792 188
1793 190
1794 195
1795 194
1796 188
1797 192
1798 191
1799 260
1800 194
1801 195
1802 189
1803 190
1804 190
1805 190
1806 194
1807 331
1808 473
1809 2363
1810 915
1811 322
1812 343
1813 351
1814 359
1815 366
1816 377
1817 379
1818 199
1819 197
1820 194
1821 242
1822 298
1823 324
1824 359
1825 341
1826 341
1827 332
1828 319
1829 391
1830 290
1831 397
1832 299
1833 309
1834 314
1835 351
1836 345
1837 301
1838 355
1839 420
1840 470
1841 234
1842 307
1843 261
1844 334
1845 374
1846 314
1847 244
1848 219
1849 221
1850 218
1851 220
1852 330
1853 218
1854 410
1855 216
1856 215
1857 260
1858 248
1859 487
1860 325
1861 616
1862 341
1863 442
1864 383
1865 385
1866 475
1867 317
1868 289
1869 215
1870 214
1871 229
1872 213
1873 260
1874 205
1875 203
1876 212
1877 200
1878 212
1879 203
1880 207
1881 211
1882 205
1883 209
1884 264
1885 283
1886 312
1887 323
1888 316
1889 309
1890 309
1891 319
1892 316
1893 306
1894 483
1895 323
1896 368
1897 450
1898 338
1899 336
1900 319
1901 339
1902 330
1903 461
1904 418
1905 334
1906 272
1907 203
1908 202
1909 217
1910 207
1911 210
1912 206
1913 207
1914 205
1915 284
1916 214
1917 207
1918 206
1919 209
1920 214
1921 313
1922 207
1923 203
1924 212
1925 207
1926 272
1927 208
1928 208
1929 211
1930 209
1931 401
1932 405
1933 412
1934 469
1935 444
1936 322
1937 207
1938 213
1939 206
1940 205
1941 213
1942 205
1943 205
1944 203
1945 205
1946 528
1947 341
1948 352
1949 396
1950 335
1951 339
1952 382
1953 484
1954 342
1955 354
1956 418
1957 332
1958 342
1959 333
1960 350
1961 413
1962 344
1963 334
1964 329
1965 336
1966 328
1967 329
1968 343
1969 339
1970 337
1971 337
1972 333
1973 334
1974 338
1975 343
1976 333
1977 333
1978 330
1979 363
1980 405
1981 415
1982 509
1983 540
1984 698
1985 380
1986 366
1987 485
1988 772
1989 565
1990 389
1991 390
1992 385
1993 479
1994 272
1995 217
1996 268
1997 364
1998 457
1999 392
2000 465
2001 258
2002 337
2003 405
2004 300
2005 443
2006 225
2007 314
2008 230
2009 218
2010 225
2011 227
2012 240
2013 238
2014 231
2015 250
2016 241
2017 377
2018 228
2019 253
2020 297
2021 214
2022 218
2023 247
2024 219
2025 232
2026 221
2027 283
2028 224
2029 225
2030 217
2031 309
2032 218
2033 219
2034 225
2035 219
2036 221
2037 277
2038 217
2039 217
2040 243
2041 220
2042 218
2043 223
2044 219
2045 225
2046 225
2047 274
2048 232
2049 242
2050 389
2051 229
2052 250
2053 305
2054 249
2055 221
2056 221
2057 292
2058 245
2059 569
2060 360
2061 360
2062 354
2063 365
2064 362
2065 357
2066 368
2067 370
2068 363
2069 441
2070 361
2071 355
2072 361
2073 359
2074 360
2075 370
2076 399
2077 369
2078 227
2079 223
2080 232
2081 234
2082 235
2083 238
2084 839
2085 1523
2086 569
2087 779
2088 992
2089 665
2090 391
2091 248
2092 277
2093 282
2094 309
2095 264
2096 310
2097 302
2098 283
2099 619
2100 417
2101 407
2102 392
2103 671
2104 450
2105 447
2106 476
2107 378
2108 370
2109 377
2110 368
2111 383
2112 359
2113 362
2114 373
2115 371
2116 358
2117 364
2118 367
2119 358
2120 365
2121 389
2122 350
2123 230
2124 230
2125 226
2126 230
2127 232
2128 227
2129 230
2130 223
2131 235
2132 229
2133 225
2134 564
2135 585
2136 460
2137 471
2138 373
2139 526
2140 613
2141 398
2142 295
2143 251
2144 332
2145 315
2146 234
2147 338
2148 260
2149 306
2150 340
2151 335
2152 259
2153 234
2154 226
2155 256
2156 267
2157 275
2158 234
2159 232
2160 237
2161 235
2162 230
2163 301
2164 296
2165 236
2166 382
2167 378
2168 374
2169 379
2170 380
2171 402
2172 398
2173 395
2174 387
2175 378
2176 378
2177 382
2178 385
2179 380
2180 396
2181 386
2182 385
2183 463
2184 397
2185 386
2186 377
2187 400
2188 379
2189 383
2190 385
2191 384
2192 385
2193 386
2194 268
2195 324
2196 345
2197 410
2198 364
2199 406
2200 429
2201 377
2202 633
2203 290
2204 367
2205 385
2206 381
2207 434
2208 436
2209 257
2210 413
2211 261
2212 300
2213 330
2214 504
2215 605
2216 613
2217 394
2218 561
2219 593
2220 592
2221 600
2222 767
2223 671
2224 519
2225 353
2226 310
2227 448
2228 301
2229 413
2230 388
2231 475
2232 455
2233 287
2234 262
2235 264
2236 259
2237 252
2238 259
2239 256
2240 395
2241 327
2242 260
2243 253
2244 445
2245 441
2246 388
2247 384
2248 377
2249 334
2250 245
2251 253
2252 261
2253 334
2254 321
2255 262
2256 252
2257 256
2258 264
2259 257
2260 336
2261 252
2262 258
2263 396
2264 255
2265 267
2266 253
2267 245
2268 340
2269 256
2270 252
2271 253
2272 262
2273 254
2274 252
2275 268
2276 357
2277 382
2278 257
2279 513
2280 452
2281 397
2282 406
2283 376
2284 403
2285 411
2286 413
2287 402
2288 401
2289 392
2290 415
2291 388
2292 401
2293 389
2294 401
2295 391
2296 581
2297 413
2298 363
2299 391
2300 251
2301 253
2302 257
2303 252
2304 252
2305 366
2306 258
2307 270
2308 421
2309 463
2310 432
2311 401
2312 426
2313 399
2314 491
2315 407
2316 430
2317 436
2318 451
2319 401
2320 457
2321 419
2322 317
2323 328
2324 418
2325 417
2326 280
2327 338
2328 387
2329 268
2330 410
2331 301
2332 468
2333 1194
2334 524
2335 696
2336 748
2337 497
2338 489
2339 528
2340 644
2341 446
2342 639
2343 973
2344 859
2345 446
2346 512
2347 479
2348 505
2349 443
2350 593
2351 444
2352 417
2353 403
2354 423
2355 264
2356 275
2357 265
2358 255
2359 259
2360 483
2361 475
2362 294
2363 449
2364 301
2365 290
2366 263
2367 259
2368 256
2369 318
2370 277
2371 258
2372 320
2373 285
2374 270
2375 275
2376 279
2377 254
2378 371
2379 348
2380 271
2381 409
2382 681
2383 263
2384 301
2385 271
2386 274
2387 336
2388 282
2389 267
2390 262
2391 311
2392 318
2393 285
2394 273
2395 269
2396 514
2397 420
2398 417
2399 309
2400 268
2401 284
2402 277
2403 284
2404 270
2405 453
2406 266
2407 291
2408 269
2409 270
2410 273
2411 274
2412 269
2413 264
2414 324
2415 277
2416 262
2417 340
2418 451
2419 682
2420 481
2421 425
2422 431
2423 733
2424 807
2425 420
2426 289
2427 301
2428 266
2429 287
2430 270
2431 265
2432 360
2433 266
2434 270
2435 277
2436 277
2437 389
2438 334
2439 300
2440 391
2441 559
2442 290
2443 279
2444 336
2445 676
2446 439
2447 481
2448 477
2449 459
2450 457
2451 313
2452 373
2453 474
2454 770
2455 557
2456 592
2457 959
2458 935
2459 549
2460 537
2461 1057
2462 588
2463 567
2464 670
2465 1034
2466 605
2467 738
2468 478
2469 307
2470 368
2471 494
2472 284
2473 330
2474 285
2475 308
2476 426
2477 285
2478 284
2479 279
2480 287
2481 431
2482 391
2483 280
2484 284
2485 348
2486 274
2487 273
2488 614
2489 522
2490 456
2491 468
2492 489
2493 450
2494 462
2495 454
2496 400
2497 514
2498 474
2499 274
2500 283
2501 285
2502 356
2503 281
2504 289
2505 303
2506 401
2507 280
2508 271
2509 285
2510 278
2511 334
2512 282
2513 276
2514 310
2515 363
2516 278
2517 457
2518 453
2519 470
2520 525
2521 449
2522 438
2523 467
2524 457
2525 455
2526 461
2527 461
2528 471
2529 464
2530 482
2531 349
2532 448
2533 432
2534 282
2535 337
2536 280
2537 357
2538 283
2539 280
2540 343
2541 450
2542 302
2543 282
2544 658
2545 515
2546 587
2547 469
2548 462
2549 480
2550 472
2551 453
2552 463
2553 464
2554 543
2555 463
2556 459
2557 487
2558 475
2559 580
2560 456
2561 939
2562 536
2563 412
2564 858
2565 745
2566 506
2567 346
2568 334
2569 383
2570 321
2571 529
2572 368
2573 378
2574 386
2575 579
2576 440
2577 313
2578 309
2579 359
2580 446
2581 469
2582 392
2583 352
2584 307
2585 300
2586 344
2587 302
2588 453
2589 523
2590 321
2591 295
2592 315
2593 291
2594 333
2595 288
2596 290
2597 364
2598 292
2599 321
2600 337
2601 289
2602 292
2603 295
2604 308
2605 300
2606 291
2607 290
2608 287
2609 292
2610 298
2611 294
2612 333
2613 292
2614 348
2615 287
2616 301
2617 301
2618 346
2619 392
2620 431
2621 297
2622 374
2623 304
2624 306
2625 339
2626 369
2627 468
2628 478
2629 466
2630 467
2631 501
2632 353
2633 292
2634 297
2635 290
2636 291
2637 292
2638 289
2639 299
2640 339
2641 294
2642 301
2643 291
2644 293
2645 296
2646 293
2647 304
2648 450
2649 401
2650 288
2651 298
2652 298
2653 319
2654 929
2655 483
2656 1055
2657 300
2658 355
2659 381
2660 727
2661 737
2662 553
2663 607
2664 1009
2665 810
2666 670
2667 1050
2668 506
2669 858
2670 791
2671 493
2672 596
2673 664
2674 630
2675 603
2676 293
2677 367
2678 304
2679 313
2680 316
2681 297
2682 311
2683 297
2684 297
2685 326
2686 302
2687 306
2688 438
2689 308
2690 361
2691 353
2692 296
2693 300
2694 414
2695 305
2696 318
2697 835
2698 640
2699 309
2700 509
2701 642
2702 723
2703 305
2704 308
2705 339
2706 447
2707 303
2708 302
2709 307
2710 299
2711 300
2712 307
2713 304
2714 402
2715 301
2716 301
2717 298
2718 301
2719 300
2720 301
2721 308
2722 302
2723 363
2724 302
2725 312
2726 612
2727 310
2728 307
2729 308
2730 312
2731 363
2732 316
2733 300
2734 304
2735 481
2736 319
2737 511
2738 508
2739 500
2740 311
2741 306
2742 310
2743 312
2744 314
2745 305
2746 313
2747 302
2748 309
2749 422
2750 483
2751 482
2752 312
2753 308
2754 306
2755 320
2756 364
2757 529
2758 523
2759 509
2760 487
2761 507
2762 505
2763 500
2764 592
2765 516
2766 534
2767 580
2768 484
2769 676
2770 764
2771 416
2772 481
2773 482
2774 556
2775 545
2776 348
2777 359
2778 419
2779 353
2780 548
2781 354
2782 409
2783 543
2784 547
2785 810
2786 476
2787 500
2788 601
2789 716
2790 587
2791 568
2792 568
2793 658
2794 556
2795 556
2796 530
2797 1317
2798 572
2799 599
2800 602
2801 573
2802 589
2803 598
2804 585
2805 585
2806 601
2807 594
2808 576
2809 622
2810 616
2811 598
2812 576
2813 599
2814 410
2815 314
2816 544
2817 512
2818 1135
2819 509
2820 507
2821 523
2822 722
2823 351
2824 316
2825 321
2826 392
2827 316
2828 321
2829 320
2830 323
2831 318
2832 323
2833 321
2834 325
2835 380
2836 483
2837 572
2838 526
2839 860
2840 902
2841 750
2842 1090
2843 601
2844 619
2845 1153
2846 563
2847 683
2848 1120
2849 585
2850 614
2851 706
2852 376
2853 643
2854 321
2855 421
2856 377
2857 345
2858 646
2859 660
2860 409
2861 492
2862 430
2863 434
2864 524
2865 476
2866 340
2867 316
2868 329
2869 319
2870 337
2871 324
2872 325
2873 408
2874 353
2875 590
2876 1661
2877 1217
2878 634
2879 576
2880 534
2881 523
2882 533
2883 541
2884 552
2885 526
2886 543
2887 534
2888 517
2889 545
2890 532
2891 515
2892 527
2893 548
2894 517
2895 533
2896 615
2897 695
2898 586
2899 679
2900 684
2901 573
2902 579
2903 572
2904 334
2905 336
2906 334
2907 376
2908 404
2909 334
2910 341
2911 333
2912 334
2913 335
2914 340
2915 342
2916 520
2917 517
2918 534
2919 544
2920 584
2921 537
2922 495
2923 333
2924 414
2925 332
2926 564
2927 333
2928 471
2929 340
2930 330
2931 336
2932 409
2933 335
2934 331
2935 328
2936 329
2937 330
2938 373
2939 330
2940 332
2941 387
2942 336
2943 330
2944 329
2945 346
2946 348
2947 354
2948 329
2949 329
2950 330
2951 559
2952 541
2953 550
2954 551
2955 653
2956 540
2957 547
2958 664
2959 898
2960 1197
2961 341
2962 418
2963 694
2964 815
2965 630
2966 402
2967 477
2968 409
2969 439
2970 608
2971 528
2972 739
2973 733
2974 429
2975 423
2976 841
2977 592
2978 647
2979 728
2980 692
2981 511
2982 472
2983 405
2984 360
2985 405
2986 464
2987 398
2988 1828
2989 600
2990 3056
2991 593
2992 436
2993 370
2994 465
2995 363
2996 419
2997 342
2998 349
2999 345
3000 338
3001 342
3002 412
3003 348
3004 341
3005 340
3006 340
3007 347
3008 425
3009 355
3010 352
3011 346
3012 349
3013 341
3014 350
3015 340
3016 342
3017 397
3018 342
3019 348
3020 349
3021 343
3022 350
3023 352
3024 343
3025 409
3026 357
3027 352
3028 350
3029 352
3030 591
3031 579
3032 561
3033 545
3034 549
3035 543
3036 548
3037 544
3038 555
3039 551
3040 619
3041 541
3042 554
3043 543
3044 552
3045 554
3046 554
3047 550
3048 607
3049 562
3050 548
3051 559
3052 560
3053 626
3054 696
3055 1230
3056 623
3057 570
3058 889
3059 596
3060 654
3061 434
3062 407
3063 855
3064 823
3065 619
3066 691
3067 1910
3068 1051
3069 474
3070 962
3071 503
3072 369
3073 383
3074 416
3075 372
3076 357
3077 356
3078 516
3079 475
3080 359
3081 390
3082 366
3083 366
3084 351
3085 353
3086 373
3087 397
3088 382
3089 354
3090 371
3091 361
3092 361
3093 418
3094 360
3095 358
3096 370
3097 361
3098 609
3099 441
3100 354
3101 549
3102 350
3103 351
3104 350
3105 351
3106 350
3107 377
3108 413
3109 365
3110 356
3111 365
3112 349
3113 349
3114 349
3115 350
3116 403
3117 352
3118 362
3119 411
3120 366
3121 350
3122 359
3123 410
3124 366
3125 359
3126 365
3127 356
3128 493
3129 736
3130 849
3131 829
3132 2440
3133 1152
3134 521
3135 551
3136 726
3137 426
3138 506
3139 463
3140 495
3141 460
3142 399
3143 445
3144 1259
3145 754
3146 773
3147 670
3148 497
3149 422
3150 391
3151 471
3152 389
3153 903
3154 779
3155 715
3156 660
3157 574
3158 569
3159 366
3160 405
3161 362
3162 676
3163 603
3164 502
3165 564
3166 578
3167 568
3168 814
3169 485
3170 692
3171 365
3172 360
3173 365
3174 359
3175 368
3176 356
3177 361
3178 362
3179 361
3180 362
3181 407
3182 364
3183 427
3184 364
3185 370
3186 363
3187 364
3188 367
3189 468
3190 439
3191 407
3192 362
3193 369
3194 362
3195 370
3196 362
3197 369
3198 528
3199 373
3200 363
3201 621
3202 428
3203 434
3204 365
3205 442
3206 365
3207 362
3208 393
3209 363
3210 364
3211 364
3212 419
3213 370
3214 363
3215 364
3216 363
3217 567
3218 369
3219 364
3220 407
3221 366
3222 367
3223 371
3224 370
3225 372
3226 370
3227 427
3228 373
3229 409
3230 373
3231 375
3232 374
3233 376
3234 587
3235 459
3236 589
3237 449
3238 521
3239 414
3240 492
3241 611
3242 531
3243 392
3244 560
3245 412
3246 498
3247 484
3248 422
3249 610
3250 610
3251 575
3252 411
3253 518
3254 521
3255 406
3256 555
3257 493
3258 516
3259 752
3260 404
3261 399
3262 400
3263 512
3264 611
3265 1072
3266 1626
3267 651
3268 639
3269 617
3270 670
3271 382
3272 394
3273 388
3274 386
3275 388
3276 391
3277 375
3278 433
3279 371
3280 384
3281 374
3282 545
3283 403
3284 406
3285 454
3286 372
3287 497
3288 372
3289 441
3290 377
3291 378
3292 442
3293 378
3294 376
3295 380
3296 375
3297 379
3298 376
3299 380
3300 371
3301 513
3302 489
3303 363
3304 364
3305 363
3306 361
3307 418
3308 363
3309 389
3310 363
3311 365
3312 367
3313 364
3314 426
3315 462
3316 432
3317 793
3318 1558
3319 780
3320 759
3321 1982
3322 450
3323 495
3324 1003
3325 653
3326 379
3327 491
3328 882
3329 609
3330 564
3331 600
3332 772
3333 397
3334 413
3335 533
3336 369
3337 384
3338 381
3339 367
3340 373
3341 370
3342 377
3343 474
3344 369
3345 371
3346 368
3347 366
3348 369
3349 367
3350 645
3351 386
3352 426
3353 390
3354 377
3355 412
3356 372
3357 436
3358 395
3359 2503
3360 968
3361 838
3362 1306
3363 614
3364 533
3365 410
3366 401
3367 382
3368 381
3369 371
3370 379
3371 479
3372 406
3373 391
3374 376
3375 380
3376 388
3377 417
3378 483
3379 375
3380 392
3381 386
3382 380
3383 435
3384 410
3385 477
3386 387
3387 372
3388 388
3389 388
3390 397
3391 370
3392 455
3393 381
3394 382
3395 375
3396 387
3397 377
3398 430
3399 435
3400 379
3401 377
3402 384
3403 377
3404 375
3405 376
3406 495
3407 381
3408 381
3409 374
3410 380
3411 374
3412 382
3413 431
3414 380
3415 394
3416 388
3417 494
3418 739
3419 675
3420 808
3421 419
3422 464
3423 686
3424 567
3425 457
3426 443
3427 491
3428 413
3429 669
3430 505
3431 489
3432 621
3433 549
3434 611
3435 385
3436 412
3437 412
3438 418
3439 474
3440 482
3441 907
3442 397
3443 401
3444 382
3445 385
3446 389
3447 383
3448 580
3449 382
3450 385
3451 382
3452 383
3453 381
3454 382
3455 433
3456 523
3457 403
3458 383
3459 381
3460 385
3461 381
3462 456
3463 385
3464 381
3465 383
3466 386
3467 396
3468 390
3469 441
3470 385
3471 402
3472 482
3473 398
3474 441
3475 385
3476 457
3477 386
3478 390
3479 487
3480 401
3481 416
3482 403
3483 466
3484 410
3485 391
3486 504
3487 533
3488 399
3489 400
3490 466
3491 388
3492 401
3493 403
3494 392
3495 395
3496 397
3497 554
3498 549
3499 418
3500 802
3501 607
3502 412
3503 834
3504 784
3505 642
3506 627
3507 636
3508 686
3509 654
3510 562
3511 597
3512 678
3513 626
3514 626
3515 536
3516 403
3517 386
3518 388
3519 393
3520 394
3521 387
3522 407
3523 393
3524 395
3525 389
3526 395
3527 570
3528 699
3529 792
3530 711
3531 1244
3532 703
3533 725
3534 616
3535 480
3536 474
3537 461
3538 4939
3539 456
3540 538
3541 489
3542 429
3543 542
3544 402
3545 782
3546 666
3547 670
3548 644
3549 646
3550 637
3551 643
3552 519
3553 503
3554 397
3555 398
3556 398
3557 393
3558 416
3559 394
3560 398
3561 396
3562 398
3563 398
3564 395
3565 397
3566 399
3567 399
3568 402
3569 399
3570 733
3571 400
3572 474
3573 399
3574 399
3575 400
3576 408
3577 429
3578 403
3579 457
3580 400
3581 446
3582 430
3583 417
3584 419
3585 401
3586 476
3587 399
3588 404
3589 510
3590 405
3591 417
3592 424
3593 429
3594 440
3595 630
3596 427
3597 1286
3598 678
3599 823
3600 429
3601 489
3602 418
3603 416
3604 449
3605 412
3606 475
3607 404
3608 494
3609 443
3610 401
3611 410
3612 412
3613 478
3614 426
3615 407
3616 407
3617 402
3618 406
3619 409
3620 403
3621 787
3622 915
3623 600
3624 663
3625 655
3626 968
3627 1030
3628 1276
3629 656
3630 902
3631 898
3632 443
3633 620
3634 445
3635 456
3636 574
3637 417
3638 600
3639 804
3640 940
3641 420
3642 460
3643 547
3644 490
3645 706
3646 536
3647 424
3648 424
3649 441
3650 417
3651 419
3652 407
3653 473
3654 414
3655 505
3656 410
3657 440
3658 408
3659 405
3660 473
3661 405
3662 675
3663 668
3664 655
3665 656
3666 649
3667 661
3668 675
3669 698
3670 708
3671 646
3672 413
3673 481
3674 414
3675 408
3676 508
3677 412
3678 412
3679 408
3680 476
3681 410
3682 415
3683 415
3684 447
3685 710
3686 676
3687 534
3688 3579
3689 574
3690 575
3691 642
3692 518
3693 1011
3694 693
3695 532
3696 493
3697 592
3698 749
3699 873
3700 464
3701 459
3702 609
3703 481
3704 501
3705 596
3706 729
3707 525
3708 679
3709 703
3710 460
3711 606
3712 651
3713 1091
3714 443
3715 434
3716 438
3717 420
3718 426
3719 424
3720 913
3721 666
3722 668
3723 673
3724 646
3725 428
3726 494
3727 425
3728 423
3729 440
3730 417
3731 438
3732 422
3733 424
3734 438
3735 443
3736 614
3737 675
3738 669
3739 490
3740 539
3741 532
3742 421
3743 418
3744 420
3745 421
3746 494
3747 421
3748 422
3749 432
3750 424
3751 427
3752 487
3753 423
3754 418
3755 421
3756 418
3757 421
3758 418
3759 496
3760 428
3761 419
3762 425
3763 424
3764 656
3765 805
3766 663
3767 429
3768 423
3769 432
3770 664
3771 691
3772 672
3773 618
3774 849
3775 589
3776 422
3777 435
3778 437
3779 459
3780 421
3781 431
3782 431
3783 424
3784 441
3785 660
3786 569
3787 428
3788 442
3789 446
3790 1341
3791 638
3792 990
3793 506
3794 645
3795 812
3796 516
3797 479
3798 561
3799 526
3800 569
3801 591
3802 570
3803 771
3804 707
3805 469
3806 462
3807 1019
3808 718
3809 547
3810 713
3811 800
3812 700
3813 713
3814 691
3815 536
3816 434
3817 522
3818 432
3819 444
3820 443
3821 427
3822 456
3823 442
3824 592
3825 432
3826 439
3827 433
3828 792
3829 438
3830 610
3831 658
3832 660
3833 453
3834 432
3835 438
3836 432
3837 524
3838 680
3839 435
3840 434
3841 432
3842 433
3843 502
3844 481
3845 447
3846 436
3847 438
3848 432
3849 432
3850 435
3851 434
3852 1398
3853 895
3854 658
3855 709
3856 799
3857 862
3858 723
3859 651
3860 478
3861 441
3862 472
3863 703
3864 461
3865 462
3866 562
3867 449
3868 447
3869 521
3870 446
3871 441
3872 506
3873 485
3874 447
3875 514
3876 442
3877 438
3878 436
3879 456
3880 436
3881 437
3882 437
3883 438
3884 465
3885 499
3886 558
3887 505
3888 556
3889 665
3890 548
3891 571
3892 852
3893 686
3894 633
3895 1067
3896 861
3897 806
3898 1452
3899 1395
3900 776
3901 757
3902 654
3903 455
3904 492
3905 483
3906 509
3907 781
3908 744
3909 532
3910 498
3911 823
3912 731
3913 698
3914 702
3915 453
3916 446
3917 463
3918 466
3919 500
3920 744
3921 460
3922 456
3923 455
3924 557
3925 876
3926 681
3927 458
3928 454
3929 451
3930 450
3931 448
3932 632
3933 535
3934 548
3935 453
3936 461
3937 450
3938 450
3939 520
3940 445
3941 495
3942 442
3943 449
3944 451
3945 513
3946 448
3947 449
3948 448
3949 450
3950 453
3951 552
3952 509
3953 1442
3954 2168
3955 1578
3956 2929
3957 1648
3958 2964
3959 721
3960 561
3961 513
3962 508
3963 533
3964 711
3965 482
3966 486
3967 483
3968 478
3969 483
3970 544
3971 475
3972 472
3973 487
3974 496
3975 489
3976 470
3977 481
3978 491
3979 746
3980 819
3981 775
3982 784
3983 833
3984 750
3985 755
3986 757
3987 750
3988 758
3989 833
3990 779
3991 498
3992 486
3993 500
3994 482
3995 554
3996 486
3997 827
3998 860
3999 1103
4000 1008
4001 793
4002 976
4003 734
4004 724
4005 728
4006 735
4007 726
4008 811
4009 737
4010 721
4011 730
4012 934
4013 780
4014 1037
4015 782
4016 1167
4017 601
4018 548
4019 508
4020 560
4021 475
4022 476
4023 474
4024 482
4025 481
4026 569
4027 479
4028 483
4029 483
4030 477
4031 476
4032 590
4033 501
4034 493
4035 549
4036 498
4037 487
4038 516
4039 606
4040 505
4041 529
4042 1022
4043 1517
4044 730
4045 675
4046 825
4047 868
4048 550
4049 550
4050 850
4051 1493
4052 677
4053 651
4054 1055
4055 1184
4056 794
4057 1556
4058 762
4059 975
4060 791
4061 959
4062 1120
4063 758
4064 774
4065 800
4066 807
4067 1318
4068 964
4069 664
4070 655
4071 582
4072 549
4073 598
4074 2301
4075 2056
4076 869
4077 754
4078 863
4079 763
4080 770
4081 756
4082 1015
4083 987
4084 1124
4085 1108
4086 1021
4087 1290
4088 1466
4089 1081
4090 810
4091 1154
4092 1139
4093 865
4094 1256
4095 980
4096 1884
4097 858
4098 777
4099 803
4100 829
4101 498
4102 638
4103 682
4104 489
4105 491
4106 492
4107 490
4108 556
4109 495
4110 493
4111 511
4112 588
4113 589
4114 879
4115 716
4116 787
4117 789
4118 835
4119 893
4120 832
4121 791
4122 787
4123 799
4124 788
4125 876
4126 785
4127 789
4128 792
4129 860
4130 852
4131 867
4132 500
4133 494
4134 496
4135 491
4136 500
4137 577
4138 501
4139 496
4140 499
4141 499
4142 497
4143 550
4144 501
4145 503
4146 590
4147 507
4148 502
4149 549
4150 543
4151 508
4152 536
4153 525
4154 517
4155 1106
4156 998
4157 1009
4158 548
4159 694
4160 872
4161 861
4162 675
4163 632
4164 891
4165 661
4166 2186
4167 2206
4168 1070
4169 1079
4170 532
4171 709
4172 530
4173 624
4174 525
4175 521
4176 504
4177 638
4178 522
4179 527
4180 508
4181 503
4182 684
4183 600
4184 559
4185 616
4186 589
4187 522
4188 785
4189 813
4190 1056
4191 839
4192 796
4193 667
4194 666
4195 1069
4196 1059
4197 599
4198 1766
4199 1053
4200 2097
4201 3420
4202 739
4203 522
4204 515
4205 530
4206 657
4207 804
4208 808
4209 807
4210 796
4211 804
4212 863
4213 549
4214 567
4215 569
4216 723
4217 543
4218 972
4219 817
4220 812
4221 825
4222 811
4223 792
4224 517
4225 758
4226 515
4227 522
4228 621
4229 716
4230 798
4231 533
4232 545
4233 510
4234 596
4235 527
4236 511
4237 878
4238 775
4239 1135
4240 552
4241 672
4242 2792
4243 2187
4244 865
4245 4013
4246 1644
4247 1164
4248 602
4249 538
4250 520
4251 644
4252 521
4253 557
4254 515
4255 525
4256 794
4257 864
4258 519
4259 517
4260 515
4261 578
4262 523
4263 632
4264 522
4265 520
4266 703
4267 642
4268 3187
4269 1965
4270 1316
4271 1188
4272 1380
4273 1140
4274 2127
4275 1105
4276 746
4277 604
4278 584
4279 697
4280 563
4281 804
4282 1184
4283 1241
4284 913
4285 835
4286 585
4287 625
4288 533
4289 524
4290 569
4291 546
4292 969
4293 965
4294 765
4295 532
4296 569
4297 642
4298 530
4299 668
4300 555
4301 553
4302 535
4303 559
4304 525
4305 656
4306 672
4307 671
4308 531
4309 541
4310 594
4311 543
4312 1370
4313 847
4314 927
4315 1016
4316 694
4317 518
4318 528
4319 518
4320 523
4321 521
4322 587
4323 525
4324 525
4325 524
4326 525
4327 526
4328 564
4329 526
4330 577
4331 723
4332 547
4333 528
4334 616
4335 537
4336 676
4337 1040
4338 1271
4339 575
4340 767
4341 950
4342 795
4343 619
4344 645
4345 793
4346 646
4347 949
4348 987
4349 674
4350 613
4351 848
4352 970
4353 649
4354 950
4355 950
4356 1028
4357 883
4358 841
4359 652
4360 1080
4361 767
4362 982
4363 1072
4364 1009
4365 974
4366 975
4367 1014
4368 1051
4369 1724
4370 679
4371 1025
4372 924
4373 914
4374 631
4375 974
4376 643
4377 909
4378 1109
4379 582
4380 840
4381 691
4382 600
4383 925
4384 570
4385 794
4386 567
4387 648
4388 549
4389 699
4390 605
4391 545
4392 538
4393 540
4394 552
4395 558
4396 639
4397 627
4398 1082
4399 696
4400 910
4401 918
4402 762
4403 788
4404 729
4405 551
4406 566
4407 797
4408 536
4409 594
4410 629
4411 568
4412 538
4413 535
4414 570
4415 552
4416 610
4417 545
4418 552
4419 536
4420 537
4421 546
4422 669
4423 830
4424 877
4425 840
4426 842
4427 2544
4428 784
4429 1124
4430 895
4431 631
4432 605
4433 825
4434 615
4435 682
4436 1346
4437 1349
4438 1384
4439 732
4440 573
4441 555
4442 579
4443 565
4444 577
4445 644
4446 659
4447 576
4448 552
4449 550
4450 634
4451 696
4452 548
4453 547
4454 543
4455 550
4456 636
4457 546
4458 627
4459 585
4460 830
4461 1022
4462 1117
4463 986
4464 1012
4465 998
4466 1030
4467 995
4468 1016
4469 1018
4470 1013
4471 953
4472 575
4473 649
4474 567
4475 577
4476 629
4477 1360
4478 1075
4479 793
4480 1000
4481 898
4482 629
4483 571
4484 746
4485 643
4486 657
4487 1609
4488 1057
4489 1290
4490 2079
4491 997
4492 927
4493 606
4494 579
4495 832
4496 716
4497 587
4498 658
4499 735
4500 972
4501 1041
4502 941
4503 837
4504 713
4505 939
4506 547
4507 538
4508 537
4509 539
4510 895
4511 880
4512 889
4513 807
4514 539
4515 608
4516 550
4517 733
4518 634
4519 619
4520 535
4521 532
4522 533
4523 595
4524 537
4525 538
4526 537
4527 675
4528 552
4529 600
4530 604
4531 538
4532 538
4533 531
4534 529
4535 530
4536 602
4537 649
4538 701
4539 534
4540 532
4541 541
4542 536
4543 533
4544 531
4545 537
4546 530
4547 611
4548 538
4549 538
4550 535
4551 538
4552 555
4553 1213
4554 980
4555 1324
4556 652
4557 668
4558 1102
4559 803
4560 594
4561 599
4562 994
4563 616
4564 785
4565 839
4566 754
4567 580
4568 678
4569 788
4570 641
4571 547
4572 571
4573 817
4574 1153
4575 896
4576 751
4577 773
4578 882
4579 1250
4580 858
4581 1153
4582 900
4583 667
4584 597
4585 628
4586 583
4587 550
4588 576
4589 554
4590 556
4591 565
4592 629
4593 567
4594 687
4595 592
4596 591
4597 572
4598 637
4599 547
4600 541
4601 543
4602 539
4603 618
4604 546
4605 612
4606 550
4607 731
4608 1451
4609 1485
4610 604
4611 771
4612 804
4613 706
4614 602
4615 578
4616 1102
4617 661
4618 608
4619 774
4620 959
4621 559
4622 859
4623 661
4624 786
4625 703
4626 774
4627 567
4628 559
4629 656
4630 552
4631 627
4632 548
4633 543
4634 545
4635 547
4636 546
4637 605
4638 552
4639 543
4640 545
4641 551
4642 546
4643 630
4644 614
4645 671
4646 713
4647 840
4648 1523
4649 1061
4650 683
4651 1032
4652 893
4653 895
4654 768
4655 831
4656 1540
4657 3687
4658 1781
4659 1527
4660 1109
4661 774
4662 992
4663 890
4664 740
4665 720
4666 550
4667 562
4668 559
4669 556
4670 626
4671 589
4672 604
4673 839
4674 702
4675 563
4676 655
4677 579
4678 577
4679 634
4680 553
4681 654
4682 558
4683 571
4684 557
4685 993
4686 1023
4687 921
4688 592
4689 557
4690 576
4691 625
4692 641
4693 580
4694 646
4695 812
4696 1064
4697 901
4698 694
4699 751
4700 1003
4701 3929
4702 1048
4703 2801
4704 1156
4705 1346
4706 1125
4707 602
4708 758
4709 1078
4710 1121
4711 1000
4712 1062
4713 698
4714 1092
4715 656
4716 628
4717 881
4718 775
4719 570
4720 690
4721 766
4722 538
4723 633
4724 750
4725 701
4726 541
4727 542
4728 542
4729 537
4730 562
4731 629
4732 540
4733 649
4734 543
4735 543
4736 618
4737 543
4738 539
4739 671
4740 546
4741 620
4742 613
4743 723
4744 3522
4745 1581
4746 1689
4747 1042
4748 1099
4749 711
4750 696
4751 1252
4752 1199
4753 1504
4754 673
4755 579
4756 593
4757 597
4758 720
4759 555
4760 596
4761 552
4762 554
4763 546
4764 584
4765 558
4766 577
4767 580
4768 547
4769 625
4770 676
4771 566
4772 583
4773 819
4774 2283
4775 3776
4776 632
4777 551
4778 608
4779 564
4780 677
4781 560
4782 550
4783 547
4784 599
4785 652
4786 627
4787 634
4788 546
4789 585
4790 591
4791 633
4792 552
4793 597
4794 603
4795 603
4796 834
4797 707
4798 651
4799 818
4800 1112
4801 602
4802 588
4803 610
4804 812
4805 690
4806 803
4807 1015
4808 577
4809 650
4810 644
4811 749
4812 819
4813 560
4814 579
4815 586
4816 552
4817 561
4818 619
4819 570
4820 576
4821 557
4822 552
4823 627
4824 625
4825 1135
4826 613
4827 561
4828 560
4829 553
4830 577
4831 647
4832 607
4833 632
4834 634
4835 548
4836 556
4837 557
4838 603
4839 623
4840 557
4841 555
4842 551
4843 568
4844 557
4845 721
4846 565
4847 905
4848 565
4849 597
4850 702
4851 626
4852 719
4853 737
4854 845
4855 746
4856 690
4857 2655
4858 2009
4859 1432
4860 956
4861 764
4862 648
4863 603
4864 890
4865 682
4866 929
4867 1105
4868 703
4869 844
4870 615
4871 649
4872 585
4873 575
4874 579
4875 764
4876 624
4877 703
4878 563
4879 560
4880 566
4881 560
4882 740
4883 563
4884 558
4885 566
4886 583
4887 565
4888 557
4889 592
4890 726
4891 859
4892 561
4893 647
4894 564
4895 560
4896 666
4897 562
4898 643
4899 568
4900 568
4901 572
4902 565
4903 564
4904 563
4905 567
4906 564
4907 564
4908 561
4909 615
4910 572
4911 659
4912 573
4913 567
4914 640
4915 622
4916 748
4917 1785
4918 1065
4919 1454
4920 1744
4921 1547
4922 1300
4923 1543
4924 1222
4925 1748
4926 872
4927 1009
4928 1006
4929 725
4930 1424
4931 704
4932 751
4933 583
4934 564
4935 566
4936 579
4937 591
4938 592
4939 806
4940 911
4941 850
4942 689
4943 598
4944 573
4945 569
4946 676
4947 584
4948 574
4949 613
4950 576
4951 639
4952 589
4953 573
4954 603
4955 593
4956 594
4957 669
4958 1033
4959 1814
4960 1713
4961 971
4962 1482
4963 627
4964 617
4965 804
4966 620
4967 1174
4968 1131
4969 638
4970 653
4971 780
4972 1164
4973 588
4974 627
4975 604
4976 589
4977 581
4978 654
4979 577
4980 577
4981 583
4982 576
4983 645
4984 577
4985 694
4986 572
4987 573
4988 647
4989 578
4990 573
4991 578
4992 576
4993 688
4994 924
4995 677
4996 579
4997 577
4998 578
4999 753
5000 580
5001 577
5002 581
5003 579
5004 677
5005 2994
5006 970
5007 1059
5008 715
5009 673
5010 592
5011 745
5012 1128
5013 1683
5014 927
5015 904
5016 971
5017 849
5018 665
5019 698
5020 691
5021 1127
5022 954
5023 621
5024 678
5025 1190
5026 1382
5027 662
5028 640
5029 674
5030 705
5031 1605
5032 1079
5033 938
5034 932
5035 1225
5036 601
5037 601
5038 601
5039 640
5040 629
5041 689
5042 639
5043 1045
5044 1221
5045 882
5046 801
5047 724
5048 876
5049 809
5050 647
5051 707
5052 894
5053 676
5054 846
5055 934
5056 701
5057 661
5058 666
5059 649
5060 777
5061 837
5062 1014
5063 966
5064 946
5065 946
5066 1034
5067 756
5068 925
5069 982
5070 788
5071 630
5072 759
5073 597
5074 622
5075 675
5076 697
5077 1397
5078 1012
5079 593
5080 596
5081 610
5082 681
5083 597
5084 594
5085 602
5086 585
5087 671
5088 589
5089 595
5090 635
5091 598
5092 675
5093 596
5094 596
5095 591
5096 692
5097 743
5098 694
5099 773
5100 1398
5101 1083
5102 781
5103 1255
5104 729
5105 642
5106 697
5107 852
5108 803
5109 1106
5110 1299
5111 749
5112 949
5113 876
5114 942
5115 815
5116 791
5117 635
5118 744
5119 608
5120 733
5121 597
5122 638
5123 670
5124 615
5125 619
5126 636
5127 636
5128 1555
5129 2137
5130 1241
5131 654
5132 633
5133 610
5134 834
5135 925
5136 1034
5137 854
5138 610
5139 682
5140 609
5141 773
5142 606
5143 620
5144 737
5145 603
5146 649
5147 611
5148 641
5149 735
5150 722
5151 936
5152 1746
5153 667
5154 861
5155 950
5156 747
5157 1649
5158 1537
5159 720
5160 760
5161 1391
5162 1090
5163 917
5164 728
5165 616
5166 668
5167 636
5168 617
5169 815
5170 641
5171 734
5172 608
5173 604
5174 673
5175 610
5176 603
5177 692
5178 603
5179 799
5180 694
5181 610
5182 605
5183 629
5184 874
5185 676
5186 604
5187 608
5188 604
5189 599
5190 665
5191 676
5192 609
5193 614
5194 608
5195 686
5196 626
5197 604
5198 630
5199 610
5200 718
5201 638
5202 649
5203 671
5204 689
5205 1079
5206 7056
5207 2853
5208 5458
5209 1224
5210 769
5211 685
5212 676
5213 663
5214 759
5215 739
5216 637
5217 619
5218 658
5219 677
5220 693
5221 806
5222 947
5223 950
5224 985
5225 1548
5226 790
5227 618
5228 620
5229 618
5230 705
5231 753
5232 952
5233 932
5234 925
5235 1011
5236 672
5237 619
5238 613
5239 614
5240 685
5241 636
5242 675
5243 636
5244 746
5245 849
5246 1332
5247 709
5248 774
5249 1003
5250 818
5251 670
5252 1370
5253 901
5254 1000
5255 1893
5256 1262
5257 1183
5258 695
5259 1049
5260 951
5261 715
5262 797
5263 853
5264 624
5265 619
5266 647
5267 622
5268 624
5269 1927
5270 803
5271 1279
5272 817
5273 701
5274 621
5275 623
5276 714
5277 619
5278 615
5279 618
5280 622
5281 691
5282 619
5283 619
5284 627
5285 624
5286 875
5287 637
5288 725
5289 644
5290 643
5291 826
5292 646
5293 933
5294 782
5295 806
5296 1114
5297 846
5298 969
5299 857
5300 673
5301 772
5302 1127
5303 703
5304 895
5305 914
5306 735
5307 877
5308 750
5309 787
5310 1110
5311 925
5312 647
5313 720
5314 729
5315 699
5316 767
5317 629
5318 1444
5319 879
5320 1010
5321 1119
5322 757
5323 1020
5324 1102
5325 977
5326 859
5327 626
5328 627
5329 639
5330 624
5331 711
5332 625
5333 691
5334 635
5335 629
5336 704
5337 639
5338 630
5339 626
5340 633
5341 627
5342 636
5343 630
5344 650
5345 640
5346 640
5347 635
5348 927
5349 1481
5350 1251
5351 828
5352 1133
5353 881
5354 708
5355 771
5356 726
5357 851
5358 954
5359 730
5360 701
5361 711
5362 695
5363 712
5364 788
5365 774
5366 646
5367 653
5368 643
5369 658
5370 719
5371 695
5372 655
5373 636
5374 636
5375 732
5376 642
5377 634
5378 639
5379 639
5380 723
5381 656
5382 686
5383 649
5384 853
5385 717
5386 637
5387 677
5388 639
5389 644
5390 706
5391 687
5392 671
5393 641
5394 644
5395 914
5396 745
5397 906
5398 725
5399 741
5400 936
5401 818
5402 788
5403 1025
5404 1301
5405 3687
5406 1180
5407 959
5408 701
5409 778
5410 977
5411 690
5412 888
5413 1580
5414 1021
5415 1096
5416 991
5417 1316
5418 745
5419 667
5420 767
5421 649
5422 735
5423 640
5424 639
5425 643
5426 640
5427 647
5428 733
5429 645
5430 646
5431 641
5432 686
5433 677
5434 1005
5435 811
5436 1077
5437 837
5438 748
5439 1204
5440 1008
5441 700
5442 697
5443 878
5444 1459
5445 1720
5446 1360
5447 1510
5448 1655
5449 766
5450 816
5451 657
5452 657
5453 655
5454 717
5455 653
5456 761
5457 676
5458 911
5459 734
5460 651
5461 653
5462 696
5463 651
5464 722
5465 687
5466 752
5467 655
5468 646
5469 733
5470 695
5471 657
5472 657
5473 906
5474 1243
5475 763
5476 821
5477 687
5478 753
5479 670
5480 651
5481 653
5482 732
5483 843
5484 690
5485 660
5486 964
5487 857
5488 1472
5489 719
5490 2779
5491 2426
5492 1281
5493 2947
5494 1093
5495 799
5496 706
5497 692
5498 973
5499 682
5500 670
5501 669
5502 660
5503 730
5504 659
5505 670
5506 683
5507 662
5508 653
5509 659
5510 656
5511 696
5512 753
5513 701
5514 763
5515 661
5516 791
5517 1713
5518 678
5519 664
5520 698
5521 659
5522 818
5523 658
5524 657
5525 680
5526 657
5527 705
5528 658
5529 659
5530 672
5531 661
5532 771
5533 666
5534 1028
5535 1068
5536 1363
5537 832
5538 2861
5539 1453
5540 1808
5541 951
5542 1181
5543 1162
5544 744
5545 1020
5546 978
5547 686
5548 716
5549 770
5550 672
5551 775
5552 699
5553 669
5554 722
5555 736
5556 822
5557 710
5558 720
5559 667
5560 1362
5561 1208
5562 1074
5563 1167
5564 1298
5565 2151
5566 1202
5567 1031
5568 740
5569 744
5570 1323
5571 785
5572 1127
5573 1156
5574 734
5575 1328
5576 1213
5577 1224
5578 1173
5579 1180
5580 1280
5581 1220
5582 2805
5583 1092
5584 1464
5585 1549
5586 1232
5587 1284
5588 708
5589 704
5590 738
5591 669
5592 689
5593 813
5594 1192
5595 1190
5596 1189
5597 1153
5598 788
5599 777
5600 713
5601 1058
5602 1042
5603 1450
5604 957
5605 1419
5606 828
5607 855
5608 1073
5609 759
5610 1314
5611 1290
5612 974
5613 1209
5614 1039
5615 686
5616 701
5617 691
5618 898
5619 700
5620 693
5621 796
5622 676
5623 773
5624 772
5625 741
5626 808
5627 865
5628 1215
5629 1028
5630 1081
5631 921
5632 687
5633 707
5634 730
5635 682
5636 699
5637 773
5638 716
5639 675
5640 689
5641 711
5642 775
5643 692
5644 684
5645 692
5646 893
5647 1385
5648 979
5649 1060
5650 2431
5651 1221
5652 1810
5653 825
5654 861
5655 1327
5656 990
5657 900
5658 1321
5659 1499
5660 852
5661 905
5662 770
5663 710
5664 723
5665 816
5666 889
5667 744
5668 700
5669 703
5670 852
5671 695
5672 691
5673 691
5674 685
5675 758
5676 914
5677 819
5678 684
5679 685
5680 775
5681 688
5682 737
5683 683
5684 680
5685 693
5686 689
5687 681
5688 681
5689 779
5690 691
5691 689
5692 683
5693 680
5694 1287
5695 696
5696 713
5697 1059
5698 1701
5699 1187
5700 786
5701 1415
5702 1305
5703 861
5704 962
5705 762
5706 3864
5707 6899
5708 1025
5709 1075
5710 1031
5711 689
5712 715
5713 798
5714 725
5715 702
5716 716
5717 867
5718 789
5719 693
5720 689
5721 726
5722 825
5723 690
5724 696
5725 688
5726 694
5727 1337
5728 773
5729 737
5730 722
5731 695
5732 781
5733 700
5734 694
5735 694
5736 941
5737 889
5738 916
5739 815
5740 882
5741 1192
5742 1510
5743 1227
5744 784
5745 1107
5746 1035
5747 735
5748 757
5749 902
5750 945
5751 830
5752 721
5753 703
5754 704
5755 810
5756 1081
5757 822
5758 718
5759 834
5760 782
5761 803
5762 1907
5763 1109
5764 777
5765 739
5766 754
5767 741
5768 764
5769 773
5770 698
5771 1206
5772 777
5773 1119
5774 1223
5775 697
5776 767
5777 706
5778 701
5779 715
5780 698
5781 790
5782 752
5783 785
5784 753
5785 844
5786 2146
5787 795
5788 1169
5789 1027
5790 1168
5791 976
5792 893
5793 1051
5794 988
5795 726
5796 811
5797 953
5798 1164
5799 803
5800 720
5801 746
5802 822
5803 700
5804 704
5805 709
5806 786
5807 704
5808 698
5809 703
5810 701
5811 818
5812 710
5813 700
5814 701
5815 700
5816 1422
5817 1035
5818 1037
5819 1289
5820 1391
5821 715
5822 709
5823 701
5824 705
5825 776
5826 704
5827 705
5828 714
5829 704
5830 704
5831 812
5832 780
5833 711
5834 796
5835 756
5836 895
5837 711
5838 746
5839 813
5840 726
5841 948
5842 1230
5843 993
5844 745
5845 762
5846 711
5847 728
5848 786
5849 852
5850 708
5851 759
5852 840
5853 1411
5854 1675
5855 810
5856 1015
5857 1179
5858 798
5859 810
5860 986
5861 981
5862 1200
5863 1078
5864 842
5865 935
5866 778
5867 1139
5868 792
5869 723
5870 950
5871 849
5872 724
5873 713
5874 723
5875 937
5876 871
5877 763
5878 717
5879 722
5880 832
5881 762
5882 764
5883 718
5884 1093
5885 1093
5886 897
5887 844
5888 1427
5889 986
5890 3140
5891 1508
5892 2219
5893 2466
5894 1571
5895 1470
5896 736
5897 2055
5898 1247
5899 1228
5900 967
5901 719
5902 721
5903 813
5904 750
5905 782
5906 739
5907 731
5908 952
5909 1391
5910 1494
5911 943
5912 1229
5913 792
5914 786
5915 971
5916 827
5917 1094
5918 982
5919 857
5920 828
5921 822
5922 762
5923 811
5924 2318
5925 1088
5926 824
5927 817
5928 746
5929 738
5930 733
5931 813
5932 748
5933 853
5934 758
5935 803
5936 814
5937 802
5938 932
5939 747
5940 834
5941 776
5942 748
5943 769
5944 800
5945 754
5946 722
5947 744
5948 748
5949 826
5950 805
5951 727
5952 757
5953 819
5954 767
5955 1122
5956 1689
5957 7189
5958 4027
5959 1506
5960 868
5961 1053
5962 1578
5963 1023
5964 806
5965 784
5966 755
5967 1001
5968 763
5969 737
5970 739
5971 724
5972 1125
5973 1171
5974 1027
5975 808
5976 841
5977 912
5978 735
5979 732
5980 730
5981 822
5982 733
5983 729
5984 738
5985 802
5986 732
5987 733
5988 1753
5989 990
5990 1304
5991 1163
5992 835
5993 1041
5994 1905
5995 936
5996 1156
5997 1326
5998 873
5999 1915
6000 975
6001 1205
6002 868
6003 1287
6004 902
6005 1992
6006 2569
6007 762
6008 1044
6009 1087
6010 763
6011 750
6012 831
6013 747
6014 778
6015 784
6016 736
6017 929
6018 939
6019 881
6020 769
6021 834
6022 759
6023 735
6024 930
6025 1262
6026 1286
6027 1190
6028 1182
6029 752
6030 874
6031 750
6032 976
6033 748
6034 1015
6035 1926
6036 961
6037 2241
6038 1514
6039 1991
6040 1445
6041 1774
6042 815
6043 878
6044 1353
6045 1382
6046 1002
6047 765
6048 852
6049 746
6050 959
6051 1169
6052 1174
6053 1001
6054 1030
6055 1062
6056 1195
6057 1066
6058 1078
6059 742
6060 755
6061 740
6062 827
6063 750
6064 746
6065 765
6066 830
6067 748
6068 742
6069 781
6070 753
6071 835
6072 779
6073 748
6074 815
6075 886
6076 803
6077 1616
6078 1987
6079 1252
6080 1597
6081 880
6082 1210
6083 906
6084 6405
6085 1492
6086 1433
6087 1089
6088 1426
6089 895
6090 769
6091 845
6092 774
6093 929
6094 787
6095 866
6096 792
6097 884
6098 816
6099 980
6100 761
6101 938
6102 867
6103 757
6104 757
6105 758
6106 762
6107 810
6108 794
6109 1148
6110 840
6111 853
6112 759
6113 755
6114 758
6115 975
6116 1208
6117 1500
6118 960
6119 1223
6120 989
6121 831
6122 3434
6123 1325
6124 2585
6125 2019
6126 770
6127 807
6128 788
6129 899
6130 761
6131 1020
6132 758
6133 842
6134 763
6135 757
6136 769
6137 754
6138 795
6139 796
6140 761
6141 814
6142 1095
6143 759
6144 755
6145 761
6146 846
6147 1128
6148 1637
6149 1139
6150 1147
6151 1285
6152 1149
6153 888
6154 767
6155 850
6156 1291
6157 2230
6158 2101
6159 1969
6160 1873
6161 1063
6162 2627
6163 2952
6164 1709
6165 1164
6166 844
6167 853
6168 813
6169 868
6170 804
6171 803
6172 839
6173 917
6174 868
6175 815
6176 854
6177 1075
6178 3067
6179 1277
6180 1203
6181 1046
6182 963
6183 815
6184 818
6185 908
6186 911
6187 831
6188 819
6189 852
6190 1226
6191 989
6192 831
6193 835
6194 872
6195 1047
6196 812
6197 803
6198 826
6199 879
6200 795
6201 807
6202 823
6203 793
6204 969
6205 984
6206 811
6207 822
6208 989
6209 871
6210 803
6211 807
6212 803
6213 805
6214 795
6215 797
6216 860
6217 874
6218 792
6219 771
6220 868
6221 830
6222 783
6223 769
6224 780
6225 780
6226 1611
6227 2524
6228 906
6229 3036
6230 4157
6231 1612
6232 1538
6233 1093
6234 973
6235 1530
6236 808
6237 780
6238 776
6239 1309
6240 1113
6241 1265
6242 1252
6243 923
6244 785
6245 778
6246 827
6247 871
6248 999
6249 786
6250 782
6251 783
6252 882
6253 859
6254 856
6255 792
6256 875
6257 798
6258 797
6259 802
6260 792
6261 875
6262 807
6263 808
6264 850
6265 2037
6266 1074
6267 1531
6268 1062
6269 1031
6270 1035
6271 881
6272 1663
6273 838
6274 976
6275 893
6276 951
6277 1078
6278 915
6279 1150
6280 1621
6281 1141
6282 821
6283 819
6284 1222
6285 1332
6286 838
6287 879
6288 888
6289 849
6290 905
6291 972
6292 863
6293 892
6294 810
6295 789
6296 784
6297 787
6298 816
6299 787
6300 856
6301 781
6302 779
6303 783
6304 842
6305 788
6306 786
6307 791
6308 951
6309 1043
6310 791
6311 793
6312 788
6313 874
6314 805
6315 838
6316 797
6317 871
6318 850
6319 799
6320 836
6321 801
6322 815
6323 803
6324 944
6325 851
6326 1746
6327 1446
6328 1513
6329 1081
6330 1094
6331 1110
6332 1033
6333 2108
6334 1310
6335 1289
6336 1314
6337 1524
6338 1586
6339 1495
6340 819
6341 919
6342 924
6343 880
6344 799
6345 1401
6346 1053
6347 1226
6348 1369
6349 948
6350 802
6351 793
6352 891
6353 792
6354 793
6355 795
6356 893
6357 802
6358 796
6359 843
6360 906
6361 798
6362 790
6363 800
6364 790
6365 862
6366 840
6367 946
6368 854
6369 879
6370 797
6371 862
6372 797
6373 870
6374 799
6375 895
6376 800
6377 806
6378 770
6379 771
6380 774
6381 770
6382 916
6383 772
6384 881
6385 1126
6386 1217
6387 913
6388 1157
6389 1100
6390 1050
6391 1024
6392 878
6393 1263
6394 1193
6395 1263
6396 2266
6397 1701
6398 866
6399 913
6400 1167
6401 827
6402 800
6403 890
6404 793
6405 799
6406 803
6407 779
6408 780
6409 809
6410 798
6411 831
6412 1092
6413 1139
6414 774
6415 861
6416 944
6417 783
6418 773
6419 781
6420 838
6421 775
6422 774
6423 788
6424 770
6425 824
6426 775
6427 856
6428 779
6429 844
6430 933
6431 3014
6432 1405
6433 2552
6434 1591
6435 1183
6436 953
6437 1527
6438 923
6439 1099
6440 1056
6441 793
6442 913
6443 791
6444 789
6445 778
6446 937
6447 783
6448 818
6449 1046
6450 1311
6451 808
6452 803
6453 807
6454 957
6455 1149
6456 1456
6457 776
6458 788
6459 951
6460 784
6461 777
6462 778
6463 879
6464 787
6465 779
6466 784
6467 900
6468 799
6469 920
6470 917
6471 888
6472 1064
6473 822
6474 807
6475 810
6476 1105
6477 818
6478 819
6479 804
6480 883
6481 804
6482 788
6483 804
6484 907
6485 798
6486 788
6487 799
6488 788
6489 795
6490 915
6491 1181
6492 786
6493 868
6494 810
6495 784
6496 788
6497 849
6498 790
6499 789
6500 895
6501 849
6502 790
6503 788
6504 789
6505 847
6506 788
6507 789
6508 1220
6509 1800
6510 1072
6511 1274
6512 1123
6513 1413
6514 1617
6515 2072
6516 2572
6517 1124
6518 1261
6519 820
6520 818
6521 811
6522 940
6523 796
6524 900
6525 800
6526 797
6527 798
6528 799
6529 790
6530 802
6531 854
6532 796
6533 803
6534 1205
6535 1026
6536 801
6537 795
6538 1616
6539 1192
6540 1297
6541 1078
6542 853
6543 919
6544 820
6545 832
6546 843
6547 1008
6548 929
6549 1621
6550 2087
6551 1111
6552 1192
6553 864
6554 864
6555 1060
6556 1088
6557 1427
6558 816
6559 990
6560 1252
6561 1270
6562 989
6563 816
6564 1044
6565 1102
6566 1277
6567 1146
6568 803
6569 796
6570 817
6571 796
6572 799
6573 854
6574 801
6575 948
6576 901
6577 897
6578 806
6579 824
6580 851
6581 880
6582 813
6583 799
6584 816
6585 875
6586 809
6587 804
6588 883
6589 867
6590 807
6591 873
6592 812
6593 829
6594 1354
6595 1050
6596 801
6597 835
6598 895
6599 809
6600 808
6601 830
6602 889
6603 821
6604 817
6605 823
6606 1689
6607 1019
6608 1285
6609 1301
6610 1681
6611 2435
6612 2300
6613 1532
6614 2133
6615 1110
6616 2231
6617 1608
6618 981
6619 1026
6620 875
6621 879
6622 844
6623 1010
6624 835
6625 1392
6626 1353
6627 904
6628 817
6629 857
6630 1180
6631 1369
6632 2891
6633 9977
6634 2469
6635 1240
6636 849
6637 966
6638 824
6639 1046
6640 838
6641 828
6642 837
6643 916
6644 875
6645 867
6646 1159
6647 821
6648 900
6649 1280
6650 1079
6651 974
6652 1296
6653 1085
6654 812
6655 894
6656 898
6657 817
6658 840
6659 836
6660 917
6661 1097
6662 3803
6663 2040
6664 1696
6665 1703
6666 1727
6667 1638
6668 1368
6669 2006
6670 4518
6671 1475
6672 941
6673 864
6674 867
6675 870
6676 987
6677 978
6678 1842
6679 1878
6680 1210
6681 985
6682 884
6683 949
6684 962
6685 949
6686 895
6687 1032
6688 869
6689 949
6690 1276
6691 886
6692 874
6693 1748
6694 2237
6695 1676
6696 1462
6697 1134
6698 1018
6699 1474
6700 1041
6701 2514
6702 1587
6703 1459
6704 1007
6705 881
6706 867
6707 1050
6708 859
6709 861
6710 1482
6711 1099
6712 3926
6713 1264
6714 1346
6715 856
6716 888
6717 861
6718 943
6719 858
6720 894
6721 873
6722 958
6723 964
6724 859
6725 861
6726 936
6727 864
6728 871
6729 1203
6730 2234
6731 1107
6732 1730
6733 936
6734 1053
6735 1094
6736 1147
6737 1251
6738 975
6739 1200
6740 983
6741 894
6742 911
6743 888
6744 870
6745 1327
6746 920
6747 1029
6748 874
6749 891
6750 887
6751 965
6752 886
6753 891
6754 871
6755 967
6756 959
6757 964
6758 866
6759 1084
6760 939
6761 881
6762 946
6763 955
6764 883
6765 1015
6766 1331
6767 1183
6768 884
6769 907
6770 874
6771 1332
6772 1352
6773 1192
6774 1532
6775 1284
6776 885
6777 878
6778 873
6779 975
6780 875
6781 870
6782 866
6783 936
6784 881
6785 1603
6786 2114
6787 1012
6788 1330
6789 948
6790 1093
6791 1107
6792 1268
6793 1267
6794 948
6795 990
6796 1262
6797 1287
6798 880
6799 886
6800 958
6801 875
6802 869
6803 886
6804 954
6805 871
6806 871
6807 973
6808 943
6809 872
6810 1722
6811 1386
6812 1958
6813 1072
6814 948
6815 901
6816 1005
6817 1225
6818 1433
6819 908
6820 1058
6821 917
6822 896
6823 1095
6824 1025
6825 980
6826 988
6827 883
6828 973
6829 892
6830 881
6831 879
6832 1018
6833 875
6834 1015
6835 885
6836 953
6837 874
6838 890
6839 894
6840 970
6841 1089
6842 1922
6843 969
6844 1365
6845 1125
6846 1002
6847 1289
6848 962
6849 1627
6850 922
6851 937
6852 915
6853 978
6854 1063
6855 860
6856 854
6857 842
6858 931
6859 847
6860 1045
6861 1460
6862 1524
6863 1487
6864 1480
6865 1648
6866 1748
6867 1590
6868 1652
6869 2083
6870 1707
6871 867
6872 1228
6873 1161
6874 848
6875 857
6876 884
6877 962
6878 984
6879 1497
6880 1168
6881 1504
6882 1115
6883 951
6884 1090
6885 1055
6886 1429
6887 1114
6888 953
6889 1073
6890 1293
6891 1095
6892 868
6893 999
6894 914
6895 868
6896 862
6897 952
6898 858
6899 856
6900 860
6901 923
6902 861
6903 854
6904 917
6905 955
6906 1177
6907 1210
6908 1469
6909 1256
6910 934
6911 852
6912 893
6913 934
6914 853
6915 852
6916 872
6917 930
6918 870
6919 857
6920 1260
6921 1467
6922 1232
6923 1256
6924 883
6925 982
6926 864
6927 867
6928 863
6929 948
6930 909
6931 856
6932 858
6933 1080
6934 865
6935 888
6936 1156
6937 2206
6938 964
6939 1251
6940 1203
6941 1010
6942 1056
6943 978
6944 1710
6945 1472
6946 1037
6947 1194
6948 1060
6949 1037
6950 881
6951 936
6952 885
6953 972
6954 900
6955 929
6956 880
6957 1097
6958 901
6959 879
6960 885
6961 1014
6962 892
6963 950
6964 998
6965 944
6966 876
6967 878
6968 863
6969 937
6970 896
6971 870
6972 964
6973 1270
6974 1458
6975 1313
6976 879
6977 968
6978 995
6979 1992
6980 945
6981 1494
6982 1125
6983 1182
6984 1167
6985 1158
6986 1837
6987 883
6988 1307
6989 1322
6990 1805
6991 1422
6992 1025
6993 1391
6994 882
6995 874
6996 875
6997 943
6998 877
6999 864
7000 876
7001 952
7002 879
7003 952
7004 985
7005 959
7006 878
7007 1417
7008 1372
7009 1628
7010 1426
7011 867
7012 877
7013 946
7014 872
7015 870
7016 875
7017 1022
7018 1271
7019 950
7020 880
7021 1020
7022 877
7023 870
7024 876
7025 875
7026 876
7027 874
7028 882
7029 870
7030 878
7031 975
7032 908
7033 879
7034 1795
7035 3506
7036 3315
7037 2971
7038 2053
7039 1921
7040 1931
7041 1663
7042 976
7043 1205
7044 958
7045 885
7046 925
7047 879
7048 970
7049 935
7050 876
7051 926
7052 1025
7053 882
7054 877
7055 880
7056 1017
7057 878
7058 874
7059 879
7060 959
7061 884
7062 1067
7063 951
7064 1294
7065 1140
7066 1405
7067 1070
7068 963
7069 884
7070 930
7071 891
7072 965
7073 881
7074 957
7075 888
7076 982
7077 889
7078 885
7079 891
7080 953
7081 885
7082 885
7083 1240
7084 1110
7085 883
7086 884
7087 910
7088 954
7089 883
7090 884
7091 897
7092 1724
7093 939
7094 899
7095 887
7096 893
7097 891
7098 1318
7099 1775
7100 1001
7101 1406
7102 1480
7103 1472
7104 1121
7105 1427
7106 1051
7107 1128
7108 1020
7109 1003
7110 937
7111 1032
7112 937
7113 933
7114 946
7115 976
7116 995
7117 889
7118 896
7119 971
7120 897
7121 893
7122 908
7123 932
7124 862
7125 923
7126 1000
7127 951
7128 862
7129 1290
7130 1274
7131 1545
7132 1201
7133 861
7134 942
7135 940
7136 866
7137 879
7138 911
7139 938
7140 1350
7141 2577
7142 1095
7143 1312
7144 951
7145 1612
7146 1920
7147 2961
7148 1129
7149 1584
7150 994
7151 917
7152 873
7153 875
7154 944
7155 948
7156 863
7157 866
7158 952
7159 870
7160 867
7161 869
7162 918
7163 1589
7164 1606
7165 988
7166 1110
7167 981
7168 943
7169 901
7170 957
7171 937
7172 868
7173 934
7174 950
7175 874
7176 973
7177 921
7178 1137
7179 1153
7180 868
7181 875
7182 875
7183 865
7184 868
7185 953
7186 871
7187 869
7188 872
7189 928
7190 1037
7191 876
7192 880
7193 963
7194 973
7195 1517
7196 3215
7197 1163
7198 3208
7199 3532
7200 1302
7201 2225
7202 1028
7203 924
7204 949
7205 1144
7206 904
7207 999
7208 881
7209 971
7210 903
7211 956
7212 879
7213 878
7214 886
7215 901
7216 970
7217 1256
7218 1636
7219 1179
7220 1490
7221 1993
7222 2144
7223 2900
7224 1477
7225 1070
7226 970
7227 953
7228 1075
7229 944
7230 965
7231 1015
7232 1137
7233 988
7234 972
7235 916
7236 982
7237 961
7238 908
7239 1108
7240 1014
7241 1244
7242 945
7243 1258
7244 995
7245 915
7246 929
7247 997
7248 924
7249 911
7250 976
7251 997
7252 921
7253 957
7254 925
7255 1273
7256 4187
7257 2399
7258 1271
7259 2454
7260 1492
7261 1694
7262 1107
7263 1202
7264 975
7265 1042
7266 947
7267 925
7268 921
7269 1004
7270 1002
7271 919
7272 933
7273 920
7274 983
7275 924
7276 1000
7277 1128
7278 1158
7279 929
7280 919
7281 921
7282 999
7283 920
7284 923
7285 923
7286 965
7287 924
7288 1023
7289 923
7290 1466
7291 1001
7292 2062
7293 2560
7294 1214
7295 1342
7296 1137
7297 1680
7298 1876
7299 2172
7300 1508
7301 1475
7302 1760
7303 1356
7304 1289
7305 1063
7306 927
7307 1790
7308 1186
7309 1033
7310 975
7311 1004
7312 1032
7313 1129
7314 935
7315 923
7316 1025
7317 925
7318 925
7319 929
7320 1062
7321 929
7322 979
7323 928
7324 997
7325 927
7326 925
7327 930
7328 1676
7329 1934
7330 1203
7331 1377
7332 1082
7333 1067
7334 1042
7335 1560
7336 1129
7337 1058
7338 1030
7339 1207
7340 968
7341 941
7342 943
7343 1018
7344 1573
7345 1399
7346 1475
7347 1029
7348 936
7349 1233
7350 1041
7351 1195
7352 1132
7353 1023
7354 932
7355 1145
7356 940
7357 949
7358 1027
7359 961
7360 1017
7361 1042
7362 1188
7363 989
7364 936
7365 949
7366 1008
7367 1163
7368 1167
7369 946
7370 1025
7371 949
7372 938
7373 941
7374 931
7375 941
7376 934
7377 1001
7378 941
7379 939
7380 981
7381 1017
7382 1358
7383 1614
7384 1054
7385 1639
7386 1276
7387 1251
7388 1154
7389 1310
7390 1347
7391 978
7392 1113
7393 1055
7394 1082
7395 1184
7396 1087
7397 946
7398 940
7399 938
7400 1067
7401 977
7402 1520
7403 1178
7404 1027
7405 1369
7406 1177
7407 2150
7408 1444
7409 947
7410 983
7411 950
7412 942
7413 964
7414 941
7415 1022
7416 946
7417 987
7418 947
7419 1038
7420 953
7421 1255
7422 962
7423 992
7424 1021
7425 923
7426 1007
7427 1081
7428 959
7429 912
7430 1099
7431 915
7432 909
7433 913
7434 997
7435 917
7436 945
7437 1807
7438 1365
7439 1237
7440 1195
7441 1036
7442 2514
7443 1138
7444 1480
7445 1322
7446 1174
7447 1155
7448 959
7449 1111
7450 1229
7451 1307
7452 1510
7453 2888
7454 1139
7455 1005
7456 954
7457 1015
7458 979
7459 981
7460 917
7461 938
7462 925
7463 955
7464 1016
7465 957
7466 944
7467 917
7468 995
7469 917
7470 916
7471 920
7472 1006
7473 934
7474 990
7475 1982
7476 1506
7477 2689
7478 2548
7479 2051
7480 1309
7481 1099
7482 1185
7483 1072
7484 1015
7485 1033
7486 1170
7487 1016
7488 1023
7489 920
7490 1007
7491 983
7492 925
7493 919
7494 1003
7495 1020
7496 979
7497 5458
7498 3613
7499 3727
7500 5470
7501 1542
7502 1326
7503 1028
7504 989
7505 1009
7506 1047
7507 1120
7508 972
7509 1067
7510 1455
7511 978
7512 1391
7513 1521
7514 1536
7515 1519
7516 1541
7517 1626
7518 1539
7519 1419
7520 1442
7521 1554
7522 1466
7523 2904
7524 2352
7525 1575
7526 1088
7527 1543
7528 2655
7529 1474
7530 1854
7531 1662
7532 1798
7533 1864
7534 1318
7535 1239
7536 971
7537 969
7538 969
7539 1070
7540 1278
7541 1093
7542 976
7543 1063
7544 1345
7545 1180
7546 1249
7547 1964
7548 1583
7549 1482
7550 1259
7551 1130
7552 1476
7553 2602
7554 1675
7555 1969
7556 1133
7557 1303
7558 1739
7559 1301
7560 1176
7561 1193
7562 1126
7563 1066
7564 1028
7565 1150
7566 1870
7567 1807
7568 1250
7569 1369
7570 1015
7571 1036
7572 1027
7573 1547
7574 1594
7575 2316
7576 1883
7577 1029
7578 1022
7579 1024
7580 1117
7581 1019
7582 1016
7583 1073
7584 1114
7585 1588
7586 2035
7587 1328
7588 1367
7589 1384
7590 1337
7591 1461
7592 1446
7593 1473
7594 1378
7595 1310
7596 1039
7597 1085
7598 1039
7599 1187
7600 1463
7601 1642
7602 1586
7603 1023
7604 1034
7605 1229
7606 1161
7607 1029
7608 1038
7609 1090
7610 1241
7611 1109
7612 1100
7613 1141
7614 1023
7615 1028
7616 1021
7617 1095
7618 1302
7619 1029
7620 1358
7621 1127
7622 1030
7623 1018
7624 1030
7625 1020
7626 1027
7627 1302
7628 1111
7629 1029
7630 4690
7631 2603
7632 1685
7633 1049
7634 1028
7635 1055
7636 1026
7637 1031
7638 1080
7639 1164
7640 1023
7641 1027
7642 1056
7643 1130
7644 2981
7645 2243
7646 2291
7647 1509
7648 1419
7649 1556
7650 1413
7651 1526
7652 1788
7653 1088
7654 1159
7655 1028
7656 1026
7657 1383
7658 1134
7659 1025
7660 1076
7661 1133
7662 1062
7663 1036
7664 1072
7665 1353
7666 1112
7667 1029
7668 1065
7669 1239
7670 1056
7671 1061
7672 1749
7673 1309
7674 1162
7675 1116
7676 1157
7677 1814
7678 1620
7679 3220
7680 3069
7681 1677
7682 2001
7683 1579
7684 1696
7685 1341
7686 1418
7687 1127
7688 1035
7689 1138
7690 1035
7691 1112
7692 1038
7693 1028
7694 1121
7695 1076
7696 1097
7697 1209
7698 2453
7699 2088
7700 1862
7701 1046
7702 1233
7703 1043
7704 1037
7705 1118
7706 1048
7707 1313
7708 1722
7709 1746
7710 1520
7711 1529
7712 1433
7713 1171
7714 1038
7715 1034
7716 1126
7717 1211
7718 1139
7719 1736
7720 2115
7721 2171
7722 1476
7723 1301
7724 2101
7725 1427
7726 1393
7727 1388
7728 1194
7729 1010
7730 1035
7731 1096
7732 1007
7733 1032
7734 1001
7735 996
7736 1051
7737 1150
7738 1108
7739 1038
7740 1194
7741 1114
7742 1229
7743 1062
7744 1090
7745 1145
7746 1029
7747 1018
7748 1024
7749 1264
7750 1027
7751 1018
7752 1004
7753 1095
7754 1025
7755 1408
7756 1127
7757 1013
7758 1168
7759 1247
7760 1549
7761 1819
7762 1091
7763 1594
7764 1310
7765 1092
7766 1013
7767 2450
7768 1394
7769 1583
7770 3176
7771 1627
7772 1717
7773 1109
7774 1255
7775 1388
7776 1064
7777 1027
7778 1113
7779 1415
7780 1586
7781 1618
7782 1309
7783 1010
7784 1009
7785 1014
7786 1071
7787 1045
7788 1113
7789 1136
7790 1113
7791 1018
7792 1023
7793 1096
7794 1053
7795 1013
7796 1092
7797 1035
7798 1022
7799 1027
7800 1102
7801 1059
7802 3153
7803 1743
7804 4148
7805 2730
7806 1167
7807 2351
7808 1295
7809 1084
7810 1094
7811 1275
7812 1031
7813 1021
7814 1135
7815 1017
7816 1029
7817 1020
7818 1097
7819 1019
7820 1294
7821 1191
7822 1110
7823 1022
7824 1023
7825 1123
7826 1027
7827 1015
7828 1074
7829 1090
7830 1021
7831 1015
7832 1134
7833 1025
7834 1027
7835 1078
7836 1223
7837 1020
7838 1019
7839 1042
7840 1097
7841 1021
7842 1022
7843 1089
7844 1024
7845 1581
7846 1401
7847 1233
7848 1522
7849 2623
7850 3278
7851 1519
7852 1487
7853 1127
7854 1296
7855 1619
7856 1398
7857 1211
7858 1208
7859 1059
7860 1087
7861 1195
7862 1055
7863 1955
7864 1638
7865 1171
7866 1116
7867 1052
7868 1078
7869 1215
7870 1042
7871 1033
7872 1118
7873 1028
7874 1084
7875 1037
7876 1103
7877 1026
7878 1107
7879 1103
7880 1027
7881 1049
7882 1069
7883 2028
7884 1451
7885 2399
7886 1340
7887 1144
7888 1236
7889 1772
7890 1473
7891 1784
7892 1831
7893 1249
7894 2190
7895 1196
7896 1152
7897 1122
7898 1051
7899 1026
7900 1033
7901 1144
7902 1080
7903 1196
7904 1430
7905 1033
7906 1037
7907 1032
7908 1093
7909 1039
7910 1043
7911 1040
7912 1031
7913 1136
7914 1027
7915 1099
7916 1043
7917 1464
7918 1174
7919 1133
7920 1050
7921 1168
7922 1156
7923 1088
7924 1090
7925 1097
7926 1168
7927 1081
7928 1054
7929 1603
7930 1953
7931 1751
7932 1113
7933 1216
7934 1041
7935 1092
7936 1042
7937 1036
7938 1040
7939 1037
7940 1179
7941 1050
7942 1046
7943 1181
7944 2279
7945 1363
7946 1546
7947 1404
7948 1391
7949 1276
7950 2903
7951 2895
7952 1633
7953 1112
7954 1218
7955 1043
7956 1037
7957 1049
7958 1931
7959 1466
7960 1662
7961 1188
7962 1194
7963 1227
7964 1044
7965 1128
7966 1048
7967 1040
7968 1105
7969 1051
7970 1057
7971 1050
7972 1120
7973 1079
7974 1048
7975 1059
7976 1211
7977 2158
7978 1156
7979 1981
7980 1234
7981 1331
7982 1225
7983 2194
7984 1179
7985 1282
7986 1421
7987 1180
7988 1116
7989 1445
7990 1183
7991 1327
7992 1098
7993 1174
7994 1384
7995 1082
7996 1074
7997 1262
7998 1085
7999 1109
8000 1050
8001 1244
8002 1372
8003 1060
8004 1151
8005 1143
8006 1056
8007 1066
8008 1017
8009 1012
8010 1012
8011 1155
8012 1204
8013 2416
8014 1425
8015 1614
8016 1021
8017 1008
8018 1106
8019 1022
8020 1066
8021 1022
8022 1082
8023 1019
8024 1188
8025 1401
8026 1709
8027 1150
8028 1434
8029 1394
8030 1108
8031 1268
8032 1708
8033 1356
8034 1418
8035 1238
8036 1172
8037 1044
8038 1050
8039 1618
8040 1502
8041 1346
8042 1065
8043 1156
8044 1080
8045 1676
8046 1721
8047 2036
8048 1046
8049 1043
8050 1108
8051 1091
8052 1019
8053 1031
8054 1025
8055 1072
8056 1116
8057 1099
8058 1018
8059 1020
8060 1108
8061 1232
8062 1027
8063 1022
8064 1169
8065 1026
8066 1022
8067 1026
8068 1196
8069 1037
8070 1024
8071 1110
8072 1026
8073 1031
8074 1031
8075 1290
8076 1463
8077 1254
8078 1451
8079 1594
8080 1196
8081 1268
8082 1532
8083 1360
8084 1105
8085 1268
8086 1226
8087 1158
8088 1593
8089 1782
8090 1353
8091 1226
8092 1152
8093 1131
8094 1030
8095 1033
8096 1129
8097 1120
8098 1448
8099 1149
8100 1350
8101 1751
8102 1697
8103 1399
8104 1104
8105 1124
8106 1164
8107 1069
8108 1090
8109 1084
8110 1506
8111 1429
8112 1167
8113 1661
8114 1131
8115 1390
8116 1140
8117 1723
8118 1074
8119 1163
8120 1535
8121 1458
8122 1066
8123 1039
8124 1125
8125 1042
8126 1058
8127 1111
8128 1042
8129 1088
8130 1101
8131 1103
8132 1047
8133 4844
8134 2471
8135 1284
8136 1049
8137 1042
8138 1138
8139 1039
8140 1036
8141 1247
8142 1126
8143 1108
8144 1444
8145 1135
8146 1047
8147 1066
8148 1148
8149 1043
8150 1107
8151 1045
8152 1110
8153 1114
8154 1036
8155 1130
8156 1050
8157 1068
8158 2112
8159 1211
8160 1593
8161 1239
8162 1454
8163 1300
8164 2156
8165 1112
8166 1162
8167 1214
8168 1157
8169 1152
8170 1059
8171 1141
8172 1042
8173 1051
8174 1246
8175 1044
8176 1163
8177 1073
8178 1129
8179 1211
8180 1493
8181 1116
8182 1052
8183 1173
8184 1050
8185 1044
8186 1471
8187 1588
8188 1662
8189 1159
8190 1149
8191 1069
8192 1056
8193 1405
8194 1103
8195 1051
8196 1057
8197 1206
8198 1061
8199 1054
8200 1140
8201 1051
8202 1116
8203 1050
8204 1147
8205 1054
8206 1056
8207 1856
8208 1965
8209 1654
8210 1319
8211 1221
8212 1708
8213 1143
8214 1785
8215 1172
8216 1235
8217 1237
8218 1259
8219 1280
8220 1132
8221 1209
8222 1081
8223 1104
8224 1428
8225 1505
8226 1071
8227 1077
8228 1170
8229 1429
8230 1072
8231 1202
8232 1092
8233 1055
8234 1057
8235 1141
8236 1056
8237 1052
8238 1190
8239 1068
8240 1056
8241 1411
8242 1941
8243 2112
8244 1146
8245 1160
8246 1081
8247 1051
8248 1055
8249 1127
8250 1069
8251 1059
8252 1346
8253 1068
8254 1243
8255 1598
8256 1194
8257 1771
8258 1268
8259 1438
8260 1255
8261 1636
8262 1286
8263 1158
8264 1161
8265 1172
8266 1272
8267 1081
8268 1082
8269 1156
8270 1073
8271 1069
8272 1080
8273 1624
8274 1756
8275 1719
8276 1204
8277 1518
8278 1133
8279 1107
8280 1358
8281 1202
8282 1176
8283 1586
8284 1090
8285 1062
8286 1069
8287 1060
8288 1157
8289 1138
8290 1555
8291 1532
8292 1265
8293 1956
8294 1233
8295 1277
8296 1187
8297 1834
8298 1116
8299 1172
8300 1335
8301 1217
8302 1076
8303 1105
8304 1215
8305 1630
8306 1679
8307 1463
8308 1120
8309 1067
8310 1069
8311 1069
8312 1213
8313 1077
8314 1153
8315 1071
8316 1414
8317 1238
8318 1118
8319 1287
8320 1681
8321 1265
8322 1083
8323 1086
8324 1195
8325 1314
8326 1290
8327 1205
8328 1253
8329 1357
8330 1790
8331 1547
8332 1111
8333 1148
8334 1140
8335 1657
8336 1306
8337 3491
8338 2606
8339 2059
8340 2035
8341 2247
8342 1267
8343 2097
8344 1654
8345 1424
8346 1280
8347 1230
8348 1256
8349 1513
8350 1683
8351 1133
8352 1753
8353 2435
8354 1861
8355 1298
8356 1128
8357 1120
8358 1293
8359 1121
8360 1264
8361 1127
8362 1506
8363 1613
8364 1704
8365 1812
8366 1778
8367 1354
8368 1311
8369 1224
8370 1134
8371 1258
8372 1567
8373 1134
8374 1180
8375 1665
8376 2915
8377 1478
8378 1786
8379 1372
8380 1478
8381 2768
8382 2259
8383 1987
8384 1258
8385 1178
8386 1379
8387 1160
8388 1288
8389 1581
8390 1982
8391 1996
8392 1784
8393 1286
8394 1202
8395 1558
8396 1227
8397 1357
8398 1984
8399 2257
8400 1493
8401 1150
8402 1164
8403 3401
8404 1935
8405 1211
8406 1240
8407 1132
8408 1123
8409 1223
8410 1127
8411 1129
8412 1189
8413 1236
8414 1360
8415 1397
8416 1609
8417 1738
8418 1312
8419 1427
8420 1349
8421 1498
8422 1237
8423 1355
8424 1241
8425 1215
8426 1410
8427 1176
8428 1132
8429 1178
8430 1227
8431 1734
8432 1670
8433 1526
8434 1186
8435 1210
8436 1692
8437 1136
8438 1176
8439 1133
8440 1225
8441 1199
8442 1140
8443 1226
8444 1147
8445 1257
8446 1453
8447 1586
8448 2816
8449 1318
8450 1758
8451 1502
8452 1401
8453 1879
8454 1538
8455 1805
8456 1843
8457 1662
8458 1146
8459 1248
8460 1244
8461 1148
8462 1139
8463 1140
8464 1200
8465 1221
8466 1143
8467 1355
8468 1213
8469 1175
8470 1255
8471 1143
8472 1203
8473 1142
8474 1229
8475 1153
8476 1138
8477 2226
8478 2221
8479 1406
8480 1272
8481 1143
8482 1164
8483 1163
8484 1225
8485 1146
8486 1230
8487 1800
8488 1487
8489 1201
8490 1159
8491 1183
8492 1316
8493 1149
8494 1235
8495 1147
8496 1144
8497 1359
8498 1159
8499 1143
8500 1187
8501 1147
8502 1184
8503 1151
8504 1405
8505 2465
8506 1546
8507 1996
8508 1447
8509 1361
8510 1498
8511 2012
8512 1282
8513 1315
8514 1293
8515 1192
8516 1560
8517 1244
8518 1179
8519 1233
8520 1151
8521 1261
8522 1156
8523 1147
8524 1238
8525 1179
8526 1240
8527 1432
8528 1223
8529 1176
8530 1156
8531 1260
8532 1161
8533 1148
8534 1257
8535 1151
8536 1154
8537 1155
8538 2416
8539 2142
8540 1962
8541 1365
8542 2052
8543 2554
8544 3265
8545 1893
8546 1183
8547 1204
8548 1164
8549 1161
8550 1283
8551 1237
8552 1153
8553 1156
8554 1708
8555 2310
8556 2203
8557 1167
8558 1157
8559 1299
8560 1173
8561 1249
8562 1227
8563 1287
8564 1246
8565 1226
8566 1188
8567 1692
8568 1195
8569 1162
8570 1256
8571 1235
8572 1163
8573 1165
8574 1365
8575 1573
8576 1161
8577 1219
8578 1177
8579 1407
8580 1836
8581 1658
8582 2181
8583 4105
8584 1847
8585 2747
8586 1431
8587 1265
8588 1187
8589 1189
8590 1515
8591 1263
8592 1171
8593 1183
8594 1260
8595 1184
8596 1197
8597 1487
8598 1362
8599 1170
8600 1228
8601 1808
8602 1742
8603 1583
8604 1272
8605 1221
8606 1219
8607 1201
8608 1296
8609 1593
8610 1684
8611 1938
8612 1290
8613 1446
8614 1458
8615 1664
8616 1769
8617 1597
8618 1397
8619 1532
8620 2075
8621 1663
8622 1209
8623 1201
8624 1433
8625 1172
8626 1169
8627 1359
8628 2206
8629 1646
8630 1750
8631 1317
8632 1204
8633 1175
8634 1259
8635 1178
8636 1169
8637 1291
8638 1258
8639 1326
8640 1264
8641 1276
8642 1195
8643 1174
8644 1269
8645 1186
8646 1175
8647 1270
8648 1144
8649 1414
8650 1157
8651 1306
8652 1643
8653 1379
8654 1563
8655 1474
8656 1454
8657 1426
8658 2424
8659 1179
8660 1287
8661 1602
8662 1845
8663 2043
8664 1996
8665 1142
8666 1133
8667 1468
8668 1137
8669 1138
8670 1242
8671 1168
8672 1273
8673 1144
8674 1234
8675 1150
8676 1245
8677 1291
8678 1704
8679 1185
8680 1310
8681 1147
8682 1161
8683 1193
8684 1400
8685 1155
8686 1144
8687 1229
8688 1151
8689 1244
8690 1269
8691 1145
8692 1142
8693 1148
8694 1137
8695 1160
8696 1197
8697 2280
8698 1289
8699 2442
8700 1364
8701 1432
8702 1625
8703 2834
8704 2502
8705 2347
8706 1431
8707 1352
8708 1147
8709 1155
8710 1228
8711 1164
8712 1148
8713 1230
8714 1179
8715 1191
8716 1221
8717 1310
8718 1150
8719 1156
8720 1277
8721 1165
8722 1163
8723 1240
8724 1154
8725 1148
8726 1237
8727 1202
8728 1649
8729 1314
8730 1279
8731 1189
8732 1230
8733 1306
8734 1170
8735 1150
8736 1226
8737 1151
8738 1148
8739 1452
8740 2145
8741 3946
8742 2118
8743 1482
8744 1698
8745 2123
8746 7347
8747 1163
8748 1165
8749 1297
8750 1156
8751 1239
8752 1745
8753 1749
8754 1838
8755 1289
8756 1245
8757 1212
8758 1167
8759 1259
8760 1152
8761 1153
8762 1246
8763 1155
8764 1164
8765 1245
8766 1372
8767 1278
8768 1163
8769 1247
8770 1200
8771 1167
8772 1253
8773 1279
8774 1161
8775 1169
8776 1234
8777 1164
8778 1170
8779 1355
8780 2731
8781 2160
8782 2884
8783 1656
8784 3100
8785 3403
8786 1978
8787 1277
8788 1268
8789 1910
8790 1208
8791 1195
8792 1288
8793 1206
8794 1222
8795 1292
8796 1285
8797 1244
8798 1276
8799 1206
8800 1174
8801 1179
8802 1317
8803 1172
8804 1184
8805 1257
8806 1169
8807 1181
8808 1272
8809 1404
8810 3220
8811 3294
8812 3266
8813 2379
8814 1760
8815 1478
8816 1275
8817 1414
8818 1376
8819 1240
8820 1337
8821 1544
8822 1764
8823 1231
8824 1257
8825 1563
8826 1905
8827 2526
8828 2861
8829 1298
8830 1311
8831 1329
8832 1250
8833 1380
8834 1450
8835 1412
8836 1240
8837 1269
8838 1241
8839 1250
8840 1243
8841 1313
8842 1229
8843 1236
8844 1387
8845 1256
8846 1786
8847 2502
8848 1748
8849 1529
8850 1486
8851 1401
8852 2343
8853 1459
8854 1596
8855 1296
8856 1266
8857 1814
8858 1250
8859 1296
8860 1352
8861 1368
8862 1799
8863 2264
8864 1730
8865 1862
8866 1673
8867 1468
8868 1275
8869 1266
8870 1548
8871 1415
8872 1264
8873 1395
8874 1275
8875 1944
8876 1405
8877 1267
8878 1346
8879 1377
8880 1868
8881 2046
8882 1936
8883 1547
8884 1346
8885 2453
8886 3022
8887 2553
8888 2360
8889 2545
8890 1992
8891 1999
8892 1807
8893 2230
8894 2264
8895 1458
8896 2226
8897 2086
8898 2533
8899 2489
8900 1837
8901 1386
8902 1752
8903 1514
8904 1360
8905 1742
8906 1915
8907 3380
8908 3098
8909 2492
8910 2084
8911 2105
8912 2413
8913 2324
8914 1550
8915 1617
8916 1686
8917 1562
8918 1675
8919 1409
8920 2016
8921 2033
8922 1624
8923 1976
8924 1349
8925 1603
8926 1524
8927 2289
8928 2188
8929 2225
8930 2589
8931 1594
8932 1553
8933 1566
8934 1644
8935 1668
8936 2235
8937 1559
8938 2346
8939 2169
8940 2536
8941 2134
8942 2453
8943 1789
8944 1775
8945 1945
8946 1390
8947 1361
8948 1396
8949 2078
8950 1758
8951 1686
8952 1428
8953 1302
8954 1344
8955 1431
8956 2656
8957 1813
8958 1332
8959 1733
8960 6327
8961 1347
8962 1289
8963 1382
8964 1324
8965 1278
8966 1262
8967 1444
8968 1411
8969 1441
8970 1447
8971 2653
8972 1642
8973 2379
8974 1719
8975 2078
8976 1890
8977 1589
8978 1457
8979 1472
8980 1298
8981 1505
8982 1415
8983 1495
8984 1342
8985 1267
8986 1346
8987 1257
8988 1316
8989 1482
8990 1375
8991 1324
8992 1388
8993 1332
8994 2673
8995 1964
8996 1299
8997 1259
8998 1844
8999 4104
9000 1819
9001 1272
9002 1357
9003 1261
9004 1284
9005 1354
9006 1428
9007 1853
9008 1968
9009 2908
9010 2034
9011 2169
9012 1607
9013 2467
9014 1762
9015 1787
9016 1310
9017 1315
9018 1448
9019 1376
9020 1365
9021 1853
9022 1405
9023 1331
9024 1520
9025 1604
9026 1583
9027 1433
9028 1436
9029 2021
9030 2022
9031 1693
9032 1362
9033 1626
9034 1658
9035 2120
9036 2129
9037 5677
9038 4469
9039 2648
9040 1573
9041 1405
9042 1286
9043 1828
9044 2031
9045 2009
9046 2036
9047 1667
9048 1837
9049 1451
9050 1601
9051 2169
9052 1886
9053 1389
9054 1300
9055 1300
9056 1508
9057 1663
9058 2061
9059 2304
9060 1463
9061 1413
9062 1467
9063 1349
9064 1371
9065 1484
9066 3332
9067 2211
9068 5843
9069 3693
9070 1822
9071 1825
9072 1586
9073 1419
9074 1565
9075 1894
9076 1411
9077 1347
9078 1681
9079 1913
9080 1526
9081 1443
9082 1360
9083 1336
9084 1352
9085 1331
9086 1340
9087 1565
9088 1434
9089 1349
9090 1720
9091 1627
9092 1348
9093 1507
9094 1426
9095 1348
9096 1340
9097 2326
9098 2145
9099 1532
9100 6132
9101 3121
9102 1679
9103 1580
9104 2182
9105 1545
9106 1453
9107 1497
9108 1366
9109 1400
9110 1553
9111 1465
9112 1436
9113 1472
9114 1371
9115 1403
9116 1694
9117 1366
9118 1356
9119 1978
9120 2137
9121 1864
9122 1377
9123 1341
9124 1402
9125 1519
9126 3658
9127 1937
9128 1539
9129 1755
9130 2044
9131 1955
9132 6116
9133 1722
9134 1414
9135 1525
9136 1344
9137 1340
9138 1440
9139 1406
9140 1381
9141 1592
9142 1348
9143 1367
9144 1364
9145 1447
9146 1349
9147 1337
9148 1469
9149 1355
9150 1439
9151 2117
9152 2037
9153 1912
9154 1956
9155 1458
9156 1671
9157 1442
9158 1311
9159 2361
9160 3135
9161 1862
9162 1305
9163 1397
9164 1329
9165 1542
9166 1363
9167 1677
9168 1316
9169 2667
9170 2032
9171 2010
9172 1452
9173 2145
9174 1754
9175 1565
9176 1692
9177 1517
9178 1377
9179 1634
9180 1376
9181 1326
9182 1414
9183 1307
9184 1365
9185 1336
9186 1364
9187 1495
9188 1317
9189 1408
9190 1331
9191 1352
9192 1418
9193 1327
9194 1382
9195 1425
9196 1316
9197 1311
9198 1441
9199 1409
9200 1331
9201 1431
9202 1322
9203 1611
9204 3093
9205 2054
9206 1733
9207 1320
9208 1911
9209 2881
9210 1918
9211 1725
9212 1692
9213 1567
9214 2203
9215 1496
9216 1374
9217 1452
9218 1346
9219 1364
9220 1415
9221 1684
9222 1328
9223 1422
9224 1317
9225 1316
9226 1609
9227 1463
9228 1319
9229 1708
9230 1326
9231 1359
9232 1363
9233 1316
9234 1343
9235 1402
9236 1417
9237 2334
9238 2009
9239 2764
9240 1867
9241 3529
9242 3128
9243 1678
9244 1441
9245 1745
9246 1377
9247 1439
9248 1413
9249 1318
9250 1316
9251 1485
9252 1536
9253 1542
9254 1485
9255 1325
9256 1316
9257 1511
9258 1373
9259 1329
9260 1394
9261 1578
9262 1572
9263 1362
9264 1519
9265 1351
9266 1368
9267 1500
9268 1359
9269 1337
9270 1476
9271 1844
9272 2108
9273 1956
9274 2490
9275 1704
9276 2024
9277 1811
9278 1554
9279 2141
9280 1569
9281 1555
9282 1715
9283 1793
9284 2181
9285 1864
9286 1333
9287 1406
9288 1368
9289 1431
9290 1358
9291 1460
9292 1432
9293 1338
9294 1375
9295 1515
9296 1685
9297 2093
9298 1449
9299 1335
9300 1403
9301 2023
9302 1789
9303 2943
9304 1586
9305 1657
9306 1834
9307 1626
9308 1505
9309 1529
9310 1599
9311 1923
9312 2215
9313 1937
9314 1452
9315 1430
9316 1339
9317 1396
9318 1814
9319 2178
9320 1453
9321 1438
9322 1339
9323 1440
9324 1360
9325 1359
9326 1436
9327 1403
9328 1389
9329 1800
9330 1343
9331 1336
9332 1442
9333 1358
9334 1421
9335 1444
9336 1362
9337 1330
9338 1786
9339 1881
9340 2090
9341 2003
9342 1601
9343 1707
9344 2368
9345 1921
9346 1596
9347 1856
9348 1368
9349 1389
9350 1469
9351 1436
9352 1344
9353 1332
9354 2133
9355 2066
9356 2843
9357 1617
9358 1377
9359 1365
9360 1472
9361 1407
9362 1943
9363 2181
9364 1567
9365 1466
9366 1764
9367 1376
9368 1369
9369 1475
9370 1390
9371 1345
9372 1459
9373 1380
9374 1345
9375 1480
9376 1685
9377 2947
9378 2926
9379 1831
9380 2383
9381 1459
9382 1619
9383 1781
9384 1369
9385 1348
9386 1706
9387 2040
9388 2163
9389 1923
9390 2055
9391 2107
9392 1421
9393 1399
9394 1454
9395 1396
9396 1393
9397 1465
9398 1368
9399 1299
9400 1388
9401 1307
9402 1356
9403 2189
9404 1705
9405 2137
9406 1410
9407 1304
9408 1301
9409 1403
9410 1312
9411 1398
9412 1510
9413 2527
9414 1565
9415 2031
9416 2347
9417 1720
9418 1765
9419 1718
9420 1550
9421 1510
9422 1325
9423 1306
9424 1318
9425 1869
9426 1770
9427 1403
9428 1925
9429 1950
9430 2258
9431 1464
9432 1382
9433 1307
9434 1406
9435 1309
9436 1306
9437 1637
9438 1319
9439 1346
9440 1594
9441 1579
9442 1323
9443 1499
9444 1309
9445 1326
9446 1426
9447 1371
9448 1355
9449 1420
9450 1342
9451 1439
9452 3178
9453 2175
9454 1456
9455 2269
9456 2221
9457 1379
9458 1557
9459 1481
9460 1531
9461 1439
9462 1667
9463 2097
9464 1559
9465 1349
9466 1326
9467 1484
9468 1414
9469 1416
9470 1498
9471 1339
9472 1721
9473 1799
9474 1812
9475 1319
9476 1314
9477 1411
9478 1433
9479 1332
9480 3559
9481 1980
9482 1613
9483 2488
9484 2162
9485 1528
9486 1550
9487 1489
9488 1546
9489 1484
9490 1366
9491 1319
9492 1478
9493 1341
9494 1328
9495 1488
9496 1325
9497 2439
9498 2329
9499 3526
9500 1760
9501 1474
9502 1386
9503 1378
9504 1518
9505 1510
9506 1567
9507 1473
9508 1388
9509 1375
9510 1726
9511 1663
9512 1419
9513 1601
9514 1414
9515 1448
9516 4055
9517 2763
9518 1542
9519 1809
9520 2982
9521 1774
9522 1726
9523 1442
9524 1424
9525 1580
9526 1394
9527 1439
9528 1742
9529 1478
9530 1388
9531 1829
9532 1731
9533 1624
9534 1379
9535 1381
9536 2421
9537 2232
9538 2626
9539 1409
9540 7758
9541 3973
9542 1947
9543 2484
9544 2572
9545 2380
9546 2196
9547 1856
9548 1381
9549 1381
9550 1464
9551 1389
9552 1470
9553 1724
9554 1976
9555 2018
9556 1489
9557 1378
9558 1395
9559 1473
9560 1383
9561 1386
9562 1911
9563 1559
9564 1395
9565 1609
9566 1424
9567 1536
9568 2284
9569 1440
9570 4342
9571 2266
9572 2141
9573 2010
9574 2014
9575 2554
9576 2506
9577 3015
9578 3467
9579 3777
9580 3954
9581 2954
9582 2358
9583 2668
9584 2256
9585 2832
9586 2510
9587 2542
9588 2176
9589 2488
9590 2729
9591 2182
9592 2724
9593 2874
9594 2902
9595 2877
9596 2679
9597 2894
9598 2708
9599 3558
9600 4217
9601 3577
9602 3872
9603 2793
9604 2993
9605 2356
9606 2128
9607 2446
9608 2691
9609 3357
9610 3038
9611 2847
9612 2967
9613 2711
9614 5103
9615 3791
9616 2995
9617 3473
9618 2769
9619 2788
9620 2602
9621 2071
9622 2246
9623 4825
9624 2401
9625 2230
9626 2466
9627 2365
9628 1769
9629 2641
9630 2630
9631 2114
9632 2499
9633 2391
9634 2313
9635 1721
9636 2186
9637 2951
9638 2447
9639 3198
9640 2852
9641 3057
9642 2508
9643 1931
9644 1998
9645 2043
9646 2317
9647 2112
9648 1984
9649 2550
9650 2671
9651 2409
9652 1935
9653 1654
9654 1669
9655 2158
9656 2151
9657 4913
9658 6682
9659 6789
9660 1917
9661 1904
9662 1784
9663 1667
9664 1942
9665 1686
9666 2356
9667 3040
9668 2754
9669 1680
9670 1746
9671 1614
9672 1622
9673 2076
9674 1700
9675 1618
9676 1733
9677 1629
9678 1667
9679 1732
9680 1691
9681 1646
9682 2107
9683 6721
9684 2458
9685 2167
9686 2513
9687 1852
9688 2572
9689 1684
9690 1704
9691 1917
9692 1787
9693 1686
9694 1706
9695 1775
9696 1801
9697 2252
9698 1593
9699 1530
9700 1655
9701 1616
9702 2067
9703 1987
9704 1908
9705 1675
9706 1657
9707 1530
9708 1536
9709 2252
9710 1582
9711 1544
9712 1648
9713 1547
9714 2817
9715 2318
9716 2478
9717 2930
9718 3288
9719 2587
9720 2078
9721 2500
9722 1655
9723 1642
9724 1717
9725 2189
9726 2462
9727 1731
9728 1547
9729 1752
9730 1945
9731 1757
9732 1552
9733 1658
9734 1603
9735 1579
9736 1842
9737 1618
9738 1587
9739 1658
9740 1549
9741 1544
9742 1657
9743 1555
9744 1582
9745 1789
9746 3201
9747 2591
9748 2741
9749 2343
9750 4357
9751 3248
9752 1672
9753 1560
9754 1697
9755 1561
9756 1617
9757 1654
9758 2686
9759 2239
9760 2141
9761 2733
9762 1577
9763 1921
9764 2189
9765 1765
9766 1885
9767 1602
9768 1496
9769 1602
9770 1530
9771 1494
9772 1673
9773 1793
9774 1799
9775 2498
9776 4170
9777 3205
9778 3406
9779 7555
9780 2378
9781 1911
9782 1581
9783 1615
9784 1605
9785 1682
9786 1930
9787 1671
9788 1513
9789 1485
9790 1652
9791 1502
9792 1505
9793 1597
9794 1508
9795 1652
9796 4170
9797 6303
9798 5586
9799 3011
9800 2728
9801 2133
9802 3837
9803 1943
9804 2128
9805 4210
9806 2948
9807 2277
9808 1619
9809 1932
9810 2325
9811 2594
9812 2440
9813 2117
9814 1632
9815 2158
9816 1886
9817 2748
9818 3584
9819 2883
9820 1862
9821 2156
9822 3738
9823 2632
9824 2545
9825 3390
9826 2653
9827 2224
9828 1848
9829 1832
9830 1694
9831 1697
9832 1667
9833 1846
9834 2099
9835 1750
9836 1572
9837 1832
9838 2281
9839 1583
9840 1866
9841 1709
9842 3618
9843 2624
9844 1798
9845 2664
9846 3460
9847 2895
9848 2068
9849 3369
9850 2640
9851 2767
9852 3955
9853 2168
9854 1860
9855 1790
9856 2190
9857 2195
9858 1866
9859 1833
9860 1637
9861 1889
9862 1886
9863 1915
9864 2108
9865 2230
9866 2267
9867 2214
9868 2209
9869 2505
9870 1709
9871 2531
9872 2998
9873 1660
9874 1697
9875 1963
9876 1728
9877 1612
9878 4309
9879 1921
9880 1741
9881 1854
9882 1781
9883 1955
9884 1889
9885 1821
9886 2496
9887 2302
9888 1581
9889 1726
9890 1694
9891 1707
9892 2086
9893 2684
9894 2092
9895 1593
9896 1741
9897 1598
9898 1648
9899 1833
9900 1656
9901 1653
9902 1773
9903 2393
9904 2516
9905 2439
9906 1954
9907 3331
9908 2404
9909 2344
9910 2000
9911 2133
9912 2116
9913 2438
9914 2518
9915 1845
9916 1791
9917 1700
9918 1778
9919 1623
9920 1590
9921 1616
9922 1612
9923 1612
9924 2175
9925 8037
9926 4538
9927 3408
9928 3326
9929 2240
9930 1944
9931 1808
9932 1610
9933 1630
9934 2046
9935 1768
9936 1724
9937 1760
9938 1719
9939 3074
9940 2434
9941 1638
9942 2841
9943 3028
9944 1618
9945 1638
9946 1747
9947 1601
9948 2075
9949 1842
9950 1703
9951 1994
9952 3159
9953 2602
9954 2751
9955 3053
9956 2117
9957 1905
9958 1847
9959 1762
9960 1837
9961 2320
9962 1798
9963 2124
9964 1926
9965 1673
9966 1985
9967 2207
9968 2117
9969 1740
9970 1599
9971 1639
9972 1905
9973 1695
9974 1598
9975 1800
9976 2005
9977 2389
9978 1916
9979 1615
9980 1609
9981 2568
9982 2705
9983 2481
9984 2514
9985 2855
9986 2013
9987 2579
9988 2262
9989 1837
9990 1849
9991 1666
9992 1608
9993 1872
9994 2010
9995 3448
9996 4955
9997 1633
9998 1772
9999 1606
