4 729
5 10
6 8
7 5
8 6
9 5
10 5
11 7
12 23
13 25
14 7
15 7
16 7
17 8
18 9
19 9
20 26
21 29
22 33
23 34
24 36
25 37
26 43
27 52
28 36
29 39
30 37
31 39
32 42
33 43
34 41
35 44
36 43
37 48
38 48
39 15
40 15
41 15
42 16
43 16
44 16
45 16
46 17
47 17
48 17
49 17
50 18
51 65
52 31
53 20
54 19
55 20
56 20
57 20
58 20
59 21
60 22
61 21
62 22
63 22
64 24
65 23
66 23
67 23
68 23
69 24
70 24
71 24
72 25
73 25
74 28
75 26
76 26
77 26
78 27
79 27
80 27
81 27
82 28
83 28
84 28
85 29
86 29
87 29
88 30
89 30
90 30
91 31
92 31
93 31
94 31
95 116
96 33
97 32
98 33
99 33
100 34
101 34
102 34
103 34
104 35
105 35
106 35
107 35
108 36
109 36
110 36
111 37
112 37
113 37
114 38
115 38
116 38
117 39
118 39
119 39
120 40
121 40
122 40
123 40
124 67
125 41
126 43
127 42
128 42
129 42
130 156
131 187
132 165
133 133
134 44
135 46
136 84
137 82
138 45
139 45
140 46
141 46
142 46
143 47
144 47
145 47
146 48
147 48
148 48
149 48
150 49
151 85
152 51
153 50
154 50
155 51
156 174
157 211
158 212
159 218
160 218
161 207
162 192
163 53
164 53
165 53
166 54
167 54
168 54
169 55
170 55
171 55
172 56
173 56
174 56
175 57
176 57
177 117
178 58
179 58
180 58
181 59
182 59
183 59
184 60
185 60
186 59
187 60
188 60
189 61
190 61
191 61
192 174
193 62
194 62
195 63
196 63
197 318
198 308
199 279
200 275
201 268
202 186
203 65
204 65
205 66
206 66
207 66
208 69
209 67
210 67
211 68
212 68
213 68
214 69
215 71
216 69
217 69
218 70
219 70
220 70
221 70
222 116
223 290
224 309
225 314
226 302
227 300
228 315
229 319
230 306
231 322
232 320
233 311
234 335
235 351
236 325
237 330
238 331
239 328
240 331
241 332
242 333
243 333
244 336
245 337
246 343
247 305
248 105
249 245
250 80
251 80
252 80
253 81
254 102
255 81
256 190
257 84
258 345
259 389
260 84
261 83
262 83
263 251
264 85
265 84
266 84
267 85
268 121
269 86
270 88
271 86
272 86
273 87
274 89
275 168
276 318
277 161
278 88
279 89
280 285
281 374
282 387
283 392
284 387
285 426
286 393
287 389
288 397
289 398
290 398
291 410
292 407
293 389
294 409
295 410
296 434
297 398
298 393
299 276
300 95
301 97
302 96
303 96
304 96
305 96
306 97
307 97
308 98
309 119
310 98
311 98
312 162
313 99
314 99
315 100
316 102
317 100
318 101
319 101
320 101
321 101
322 102
323 109
324 106
325 152
326 113
327 488
328 449
329 479
330 490
331 486
332 489
333 496
334 491
335 497
336 488
337 498
338 441
339 108
340 108
341 108
342 110
343 108
344 108
345 109
346 109
347 110
348 368
349 112
350 118
351 111
352 111
353 112
354 112
355 112
356 114
357 112
358 113
359 113
360 114
361 305
362 115
363 114
364 114
365 386
366 116
367 116
368 116
369 479
370 510
371 530
372 516
373 521
374 501
375 517
376 508
377 516
378 321
379 123
380 123
381 120
382 201
383 352
384 122
385 121
386 121
387 122
388 122
389 122
390 123
391 123
392 123
393 124
394 124
395 124
396 124
397 125
398 126
399 126
400 204
401 555
402 557
403 550
404 553
405 558
406 566
407 553
408 561
409 559
410 572
411 130
412 129
413 129
414 130
415 207
416 462
417 133
418 131
419 132
420 133
421 166
422 355
423 133
424 133
425 156
426 134
427 134
428 134
429 135
430 262
431 147
432 136
433 154
434 212
435 136
436 137
437 137
438 138
439 138
440 138
441 138
442 139
443 153
444 450
445 140
446 487
447 141
448 141
449 144
450 141
451 141
452 142
453 142
454 142
455 143
456 144
457 143
458 145
459 144
460 144
461 145
462 144
463 146
464 145
465 146
466 147
467 149
468 146
469 147
470 147
471 148
472 148
473 170
474 149
475 148
476 152
477 149
478 150
479 150
480 150
481 179
482 151
483 152
484 151
485 417
486 553
487 498
488 154
489 153
490 153
491 153
492 154
493 355
494 155
495 155
496 155
497 156
498 156
499 156
500 156
501 157
502 157
503 158
504 158
505 160
506 159
507 158
508 159
509 179
510 569
511 412
512 161
513 160
514 316
515 162
516 162
517 161
518 185
519 162
520 163
521 163
522 671
523 179
524 475
525 165
526 166
527 165
528 165
529 165
530 165
531 166
532 166
533 167
534 203
535 167
536 167
537 168
538 168
539 169
540 169
541 199
542 169
543 170
544 190
545 171
546 202
547 171
548 171
549 171
550 203
551 173
552 201
553 330
554 271
555 174
556 173
557 181
558 236
559 197
560 177
561 774
562 771
563 757
564 776
565 774
566 769
567 782
568 772
569 786
570 752
571 552
572 181
573 180
574 180
575 179
576 182
577 180
578 348
579 430
580 555
581 182
582 181
583 182
584 185
585 182
586 183
587 183
588 766
589 796
590 811
591 811
592 809
593 813
594 812
595 807
596 825
597 823
598 847
599 822
600 821
601 820
602 698
603 737
604 855
605 830
606 837
607 818
608 412
609 279
610 191
611 576
612 191
613 245
614 192
615 191
616 193
617 538
618 193
619 251
620 194
621 193
622 194
623 566
624 195
625 378
626 196
627 195
628 383
629 196
630 196
631 353
632 197
633 198
634 302
635 199
636 237
637 666
638 223
639 899
640 861
641 879
642 879
643 878
644 883
645 884
646 881
647 893
648 893
649 886
650 890
651 895
652 912
653 888
654 939
655 223
656 205
657 209
658 207
659 206
660 206
661 206
662 206
663 206
664 209
665 207
666 208
667 208
668 498
669 420
670 210
671 210
672 212
673 210
674 210
675 210
676 211
677 212
678 211
679 213
680 693
681 218
682 213
683 213
684 215
685 214
686 213
687 214
688 216
689 214
690 214
691 217
692 328
693 216
694 219
695 217
696 217
697 218
698 219
699 218
700 218
701 395
702 219
703 242
704 222
705 221
706 220
707 224
708 253
709 264
710 784
711 292
712 222
713 222
714 238
715 265
716 663
717 224
718 223
719 299
720 224
721 225
722 224
723 225
724 225
725 226
726 624
727 227
728 689
729 227
730 227
731 227
732 227
733 585
734 251
735 630
736 306
737 230
738 230
739 231
740 737
741 235
742 231
743 231
744 242
745 232
746 233
747 233
748 232
749 233
750 233
751 275
752 234
753 422
754 235
755 235
756 237
757 683
758 238
759 236
760 236
761 282
762 300
763 238
764 240
765 260
766 239
767 241
768 725
769 239
770 239
771 239
772 241
773 241
774 241
775 243
776 241
777 242
778 244
779 247
780 243
781 518
782 246
783 360
784 244
785 245
786 250
787 245
788 245
789 254
790 742
791 247
792 247
793 250
794 247
795 270
796 250
797 267
798 249
799 251
800 294
801 249
802 252
803 250
804 250
805 252
806 251
807 255
808 536
809 252
810 254
811 285
812 252
813 255
814 252
815 253
816 260
817 288
818 279
819 259
820 255
821 255
822 551
823 1137
824 1123
825 1130
826 1131
827 1122
828 1138
829 1028
830 259
831 258
832 259
833 259
834 259
835 260
836 261
837 260
838 260
839 284
840 263
841 262
842 262
843 264
844 262
845 263
846 265
847 264
848 264
849 529
850 1160
851 1184
852 275
853 274
854 267
855 362
856 267
857 267
858 269
859 267
860 268
861 269
862 385
863 394
864 269
865 623
866 675
867 270
868 269
869 359
870 271
871 271
872 271
873 271
874 271
875 307
876 273
877 275
878 295
879 273
880 275
881 273
882 274
883 815
884 279
885 275
886 275
887 278
888 276
889 276
890 288
891 277
892 277
893 277
894 277
895 280
896 279
897 278
898 281
899 279
900 277
901 281
902 369
903 281
904 304
905 282
906 284
907 282
908 288
909 286
910 282
911 283
912 284
913 283
914 284
915 286
916 284
917 285
918 285
919 286
920 296
921 288
922 287
923 289
924 287
925 288
926 910
927 288
928 288
929 313
930 289
931 289
932 293
933 289
934 290
935 290
936 291
937 293
938 291
939 291
940 294
941 293
942 493
943 1294
944 1297
945 1302
946 1292
947 1295
948 1295
949 1075
950 298
951 296
952 316
953 296
954 318
955 299
956 298
957 297
958 297
959 297
960 336
961 1293
962 1311
963 1315
964 1270
965 1276
966 1273
967 1279
968 920
969 812
970 290
971 291
972 317
973 291
974 292
975 361
976 424
977 295
978 313
979 296
980 293
981 293
982 294
983 294
984 295
985 298
986 295
987 296
988 295
989 296
990 313
991 297
992 298
993 299
994 298
995 1089
996 301
997 299
998 301
999 299
