0 0
1 4
2 4
3 0
4 0
5 0
6 0
7 0
8 0
9 1
10 1
11 1
12 1
13 1
14 1
15 1
16 2
17 2
18 2
19 2
20 2
21 3
22 3
23 3
24 4
25 4
26 4
27 5
28 7
29 6
30 7
31 7
32 7
33 8
34 8
35 8
36 9
37 10
38 12
39 13
40 14
41 16
42 15
43 14
44 16
45 17
46 17
47 19
48 19
49 19
50 15
51 15
52 16
53 16
54 17
55 17
56 18
57 18
58 19
59 20
60 25
61 27
62 28
63 28
64 29
65 30
66 31
67 31
68 33
69 33
70 34
71 36
72 38
73 37
74 54
75 33
76 32
77 28
78 29
79 30
80 31
81 31
82 32
83 33
84 34
85 34
86 35
87 36
88 37
89 38
90 38
91 39
92 40
93 49
94 42
95 43
96 44
97 44
98 45
99 46
100 48
101 49
102 50
103 52
104 52
105 54
106 53
107 54
108 55
109 56
110 57
111 59
112 61
113 62
114 63
115 64
116 70
117 81
118 83
119 84
120 85
121 77
122 79
123 78
124 72
125 75
126 74
127 76
128 77
129 80
130 94
131 97
132 101
133 101
134 104
135 107
136 105
137 92
138 89
139 97
140 94
141 104
142 116
143 104
144 97
145 98
146 127
147 178
148 145
149 128
150 157
151 124
152 152
153 171
154 139
155 126
156 113
157 114
158 116
159 117
160 118
161 120
162 121
163 123
164 124
165 126
166 127
167 129
168 130
169 132
170 133
171 135
172 136
173 189
174 141
175 141
176 142
177 144
178 145
179 148
180 149
181 176
182 166
183 155
184 156
185 157
186 159
187 161
188 162
189 163
190 166
191 168
192 169
193 171
194 172
195 174
196 176
197 178
198 180
199 181
200 183
201 185
202 187
203 189
204 190
205 193
206 212
207 197
208 198
209 199
210 202
211 211
212 205
213 207
214 210
215 242
216 213
217 215
218 217
219 218
220 221
221 232
222 226
223 227
224 228
225 231
226 231
227 234
228 236
229 239
230 240
231 243
232 246
233 247
234 248
235 252
236 254
237 265
238 259
239 263
240 264
241 267
242 268
243 334
244 394
245 372
246 293
247 279
248 280
249 314
250 328
251 287
252 288
253 291
254 294
255 296
256 298
257 300
258 325
259 305
260 308
261 310
262 312
263 314
264 317
265 319
266 322
267 368
268 329
269 329
270 330
271 333
272 353
273 340
274 340
275 343
276 346
277 348
278 351
279 358
280 359
281 358
282 393
283 363
284 366
285 368
286 371
287 373
288 376
289 379
290 381
291 385
292 386
293 389
294 392
295 393
296 415
297 401
298 402
299 404
300 407
301 420
302 415
303 415
304 418
305 421
306 426
307 427
308 429
309 432
310 446
311 441
312 442
313 443
314 446
315 449
316 452
317 455
318 458
319 463
320 463
321 466
322 470
323 473
324 475
325 478
326 481
327 485
328 517
329 489
330 492
331 495
332 497
333 500
334 504
335 505
336 509
337 512
338 516
339 523
340 521
341 524
342 527
343 530
344 550
345 538
346 538
347 542
348 546
349 561
350 551
351 554
352 559
353 560
354 563
355 568
356 569
357 575
358 576
359 592
360 625
361 590
362 589
363 595
364 598
365 600
366 603
367 607
368 621
369 613
370 616
371 620
372 624
373 628
374 630
375 652
376 640
377 641
378 645
379 647
380 649
381 653
382 657
383 659
384 665
385 683
386 671
387 674
388 677
389 682
390 686
391 688
392 694
393 694
394 697
395 702
396 706
397 707
398 713
399 719
400 720
401 733
402 728
403 731
404 746
405 740
406 747
407 747
408 749
409 760
410 758
411 762
412 766
413 768
414 775
415 777
416 780
417 785
418 788
419 792
420 795
421 798
422 802
423 825
424 826
425 861
426 816
427 820
428 823
429 838
430 838
431 834
432 839
433 843
434 847
435 853
436 855
437 892
438 863
439 868
440 873
441 879
442 879
443 904
444 887
445 890
446 890
447 898
448 898
449 955
450 909
451 913
452 917
453 922
454 928
455 929
456 931
457 938
458 940
459 946
460 948
461 976
462 967
463 969
464 973
465 977
466 1021
467 977
468 983
469 987
470 990
471 1000
472 999
473 1004
474 1009
475 1013
476 1017
477 1032
478 1037
479 1028
480 1031
481 1036
482 1041
483 1049
484 1051
485 1055
486 1060
487 1077
488 1068
489 1073
490 1078
491 1083
492 1087
493 1091
494 1130
495 1107
496 1110
497 1156
498 1124
499 1122
500 1126
501 1131
502 1134
503 1140
504 1143
505 1152
506 1332
507 1350
508 1161
509 1164
510 1178
511 1293
512 1191
513 1189
514 1201
515 1221
516 1226
517 1206
518 1215
519 1216
520 1253
521 1254
522 1225
523 1241
524 1246
525 1277
526 1261
527 1261
528 1261
529 1305
530 1266
531 1290
532 1355
533 1278
534 1303
535 1283
536 1287
537 1292
538 1302
539 1300
540 1381
541 1330
542 1319
543 1329
544 1331
545 1338
546 1340
547 1360
548 1355
549 1360
550 1376
551 1359
552 1367
553 1371
554 1372
555 1426
556 1384
557 1390
558 1397
559 1408
560 1403
561 1410
562 1417
563 1416
564 1425
565 1427
566 1434
567 1468
568 1464
569 1452
570 1470
571 1472
572 1476
573 1490
574 1482
575 1482
576 1487
577 1494
578 1500
579 1503
580 1513
581 1514
582 1528
583 1533
584 1530
585 1551
586 1541
587 1548
588 1553
589 1557
590 1560
591 1569
592 1584
593 1575
594 1580
595 1592
596 1602
597 1597
598 1603
599 1616
600 1621
601 1624
602 1629
603 1639
604 1638
605 1696
606 1650
607 1657
608 1661
609 1673
610 1671
611 1677
612 1682
613 1702
614 1696
615 1726
616 1698
617 1706
618 1712
619 1721
620 1726
621 1734
622 1748
623 1744
624 1749
625 1755
626 1760
627 1766
628 1771
629 1776
630 1783
631 1791
632 1803
633 1793
634 1848
635 1880
636 1815
637 1829
638 1832
639 1835
640 1845
641 1847
642 1845
643 1858
644 1854
645 1865
646 1872
647 1874
648 1882
649 1888
650 1919
651 1901
652 1932
653 1914
654 1925
655 1928
656 1932
657 1937
658 1953
659 1955
660 1981
661 1962
662 1966
663 1977
664 1978
665 1984
666 1987
667 2095
668 2008
669 2041
670 2015
671 2092
672 2057
673 2029
674 2037
675 2060
676 2059
677 2073
678 2067
679 2072
680 2068
681 2072
682 2115
683 2108
684 2093
685 2120
686 2110
687 2117
688 2118
689 2130
690 2135
691 2144
692 2144
693 2159
694 2157
695 2169
696 2174
697 2176
698 2189
699 2187
700 2200
701 2205
702 2214
703 2225
704 2225
705 2231
706 2254
707 2232
708 2240
709 2250
710 2257
711 2261
712 2268
713 2284
714 2279
715 2309
716 2290
717 2312
718 2300
719 2312
720 2337
721 2321
722 2348
723 2368
724 2346
725 2350
726 2362
727 2387
728 2378
729 2400
730 2391
731 2408
732 2396
733 2418
734 2422
735 2450
736 2429
737 2426
738 2444
739 2445
740 2443
741 2468
742 2458
743 2526
744 2479
745 2492
746 2495
747 2505
748 2508
749 2503
750 2547
751 2523
752 2526
753 2533
754 2557
755 2579
756 2585
757 2563
758 2584
759 2583
760 2587
761 2645
762 2631
763 2607
764 2616
765 2640
766 2634
767 2667
768 2650
769 2676
770 2676
771 2688
772 2692
773 2751
774 2745
775 2733
776 2727
777 2771
778 2746
779 2766
780 2768
781 2786
782 2782
783 2790
784 2769
785 2806
786 2848
787 2862
788 2853
789 2824
790 2817
791 2846
792 2835
793 2859
794 2852
795 2917
796 2948
797 2910
798 2879
799 2888
800 2886
801 2917
802 2950
803 2910
804 2966
805 2935
806 2999
807 2949
808 2993
809 2970
810 2981
811 2977
812 2980
813 2998
814 3117
815 3128
816 3029
817 3022
818 3035
819 3031
820 3032
821 3171
822 3089
823 3068
824 3114
825 3101
826 3116
827 3113
828 3111
829 3118
830 3123
831 3139
832 3128
833 3141
834 3151
835 3153
836 3155
837 3190
838 3196
839 3178
840 3265
841 3215
842 3233
843 3229
844 3235
845 3238
846 3236
847 3261
848 3261
849 3259
850 3261
851 3285
852 3299
853 3286
854 3343
855 3314
856 3348
857 3340
858 3354
859 3336
860 3354
861 3387
862 3385
863 3373
864 3385
865 3395
866 3381
867 3473
868 3411
869 3410
870 3464
871 3454
872 3443
873 3475
874 3462
875 3534
876 3512
877 3498
878 3512
879 3529
880 3510
881 3522
882 3582
883 5885
884 3728
885 3594
886 3571
887 3615
888 3599
889 3590
890 3649
891 3636
892 3635
893 3649
894 3656
895 3628
896 3671
897 3670
898 3656
899 3680
900 3677
901 3682
902 3699
903 3725
904 3701
905 3715
906 3713
907 4009
908 3818
909 3767
910 3773
911 3762
912 3793
913 3789
914 3791
915 3816
916 3840
917 3829
918 3838
919 3841
920 3876
921 3856
922 3877
923 3884
924 4245
925 4020
926 3966
927 4012
928 3918
929 3953
930 3944
931 3935
932 3953
933 3937
934 3987
935 3968
936 4013
937 3986
938 4006
939 4003
940 4018
941 4022
942 4031
943 4068
944 4063
945 4358
946 4125
947 4064
948 4090
949 4070
950 4069
951 4106
952 4158
953 4118
954 4137
955 4156
956 4174
957 4139
958 4167
959 4170
960 4178
961 4167
962 4222
963 4213
964 4230
965 4206
966 4237
967 4272
968 4272
969 4288
970 4366
971 4282
972 4365
973 4287
974 4308
975 4316
976 4320
977 4325
978 4352
979 4360
980 4345
981 4375
982 4353
983 4358
984 4383
985 4566
986 4403
987 4426
988 4434
989 4449
990 4434
991 4466
992 4457
993 4449
994 4467
995 4479
996 4501
997 4503
998 4585
999 4529
