0 29
1 84
2 135
3 186
4 142
5 144
6 187
7 175
8 358
9 339
10 520
11 287
12 403
13 485
14 510
15 407
16 479
17 428
18 723
19 700
20 414
21 668
22 873
23 504
24 753
25 660
26 527
27 797
28 1757
29 621
30 572
31 611
32 557
33 628
34 604
35 597
36 664
37 701
38 707
39 771
40 826
41 890
42 896
43 985
44 969
45 1041
46 1031
47 1066
48 1095
49 1122
50 1134
51 1270
52 1500
53 2142
54 1286
55 1457
56 1267
57 1409
58 1649
59 1772
60 1789
61 1614
62 1434
63 1547
64 1621
65 1791
66 1969
67 1597
68 1540
69 1600
70 1603
71 1751
72 1915
73 2068
74 1770
75 1771
76 1696
77 1772
78 1880
79 1766
80 1789
81 1821
82 1832
83 1851
84 1876
85 1898
86 1925
87 1979
88 1953
89 2280
90 2167
91 1986
92 2064
93 2041
94 2163
95 2145
96 2136
97 2179
98 2133
99 2205
100 2251
101 2262
102 2267
103 2293
104 2904
105 2551
106 2335
107 2360
108 2423
109 2497
110 2390
111 2396
112 2451
113 2545
114 2476
115 2542
116 2629
117 2857
118 3130
119 2666
120 2653
121 2837
122 2707
123 2737
124 2717
125 2701
126 2779
127 3243
128 3166
129 3629
130 3028
131 2982
132 2945
133 3132
134 3026
135 2968
136 3051
137 3054
138 2971
139 3092
140 5145
141 3153
142 3098
143 3284
144 3160
145 3259
146 3222
147 3220
148 3323
149 3618
150 3705
151 3430
152 3495
153 3428
154 3411
155 3446
156 3446
157 3530
158 3501
159 4090
160 3537
161 3584
162 3737
163 3702
164 3544
165 3632
166 3630
167 3697
168 4629
169 3711
170 3878
171 3786
172 3726
173 3723
174 3746
175 3792
176 4434
177 4113
178 4068
179 4052
180 4004
181 4079
182 4016
183 4156
184 4583
185 4503
186 4146
187 4445
188 4207
189 4089
190 4208
191 4119
192 5187
193 4268
194 4422
195 4504
196 4358
197 4402
198 4523
199 5210
200 4737
201 4341
202 4561
203 4593
204 4567
205 4607
206 6941
207 5002
208 5737
209 4975
210 5579
211 5384
212 6833
213 4722
214 6074
215 5244
216 5196
217 5291
218 7622
219 5318
220 5721
221 5279
222 4979
223 4841
224 7850
225 4932
226 5339
227 5002
228 6455
229 4923
230 6869
231 5654
232 5383
233 5206
234 5195
235 5348
236 6923
237 5314
238 5567
239 5300
240 6205
241 8048
242 6577
243 5718
244 5322
245 5532
246 5254
247 7228
248 5997
249 5648
250 5484
251 5387
252 6514
253 6402
254 5878
255 5755
256 5699
257 5898
258 7876
259 5899
260 5912
261 5822
262 5994
263 7850
264 5933
265 6255
266 6050
267 6074
268 8085
269 6195
270 6796
271 5988
272 5920
273 8034
274 6306
275 6937
276 5986
277 6394
278 8083
279 6289
280 6871
281 6506
282 6412
283 8093
284 6592
285 6656
286 6192
287 6644
288 8792
289 6966
290 6475
291 6774
292 6797
293 8684
294 7307
295 6819
296 7004
297 8802
298 7349
299 6917
300 6703
301 6895
302 9396
303 7509
304 6785
305 6980
306 9012
307 7953
308 7043
309 7345
310 9082
311 8329
312 7359
313 9601
314 12146
315 7867
316 7402
317 7323
318 11580
319 9462
320 7229
321 9777
322 7774
323 7881
324 7118
325 7534
326 10697
327 8925
328 7678
329 9790
330 8489
331 7597
332 7564
333 12964
334 8893
335 8050
336 8411
337 13473
338 8299
339 8764
340 11623
341 9608
342 8744
343 11844
344 9940
345 8597
346 8521
347 10996
348 8899
349 8412
350 10415
351 9185
352 8136
353 8351
354 10796
355 9681
356 10423
357 17246
358 11570
359 14469
360 16205
361 11293
362 13881
363 8343
364 11901
365 16062
366 8938
367 10374
368 10602
369 8451
370 8776
371 11491
372 9716
373 9017
374 11662
375 9730
376 9407
377 11118
378 10832
379 9112
380 9671
381 12039
382 9907
383 9404
384 13673
385 9826
386 9692
387 12305
388 10409
389 9428
390 12226
391 11652
392 9621
393 12182
394 10265
395 10050
396 12041
397 12290
398 9833
399 12595
400 10784
401 9797
402 12459
403 10771
404 10690
405 12498
406 11293
407 9897
408 14060
409 10598
410 17349
411 13543
412 10874
413 13545
414 14538
415 12866
416 11804
417 10273
418 13362
419 11560
420 10781
421 13611
422 11695
423 11383
424 15531
425 10548
426 13338
427 12401
428 11080
429 14764
430 11488
431 11377
432 15243
433 11518
434 13910
435 12853
436 12012
437 15210
438 11181
439 14627
440 12852
441 19439
442 17333
443 31910
444 29246
445 30897
446 27635
447 16694
448 16389
449 12459
450 12445
451 15010
452 12394
453 15903
454 12097
455 15223
456 13538
457 12722
458 16636
459 12597
460 15484
461 13004
462 15387
463 14226
464 12361
465 16593
466 12754
467 15698
468 12986
469 15455
470 14242
471 13149
472 16871
473 13226
474 17309
475 12582
476 16501
477 14231
478 23301
479 13289
480 16536
481 18484
482 18096
483 14181
484 16556
485 13812
486 16385
487 14739
488 17096
489 15537
490 15957
491 16523
492 16859
493 15156
494 14235
495 18032
496 14466
497 18860
498 14623
499 18111
500 14572
501 19224
502 13907
503 19155
504 14623
505 19469
506 16179
507 17838
508 23554
509 15559
510 18696
511 13814
512 32540
513 34213
514 25911
515 15429
516 19732
517 19002
518 17317
519 17649
520 17255
521 19772
522 15587
523 19271
524 15704
525 20081
526 16093
527 19547
528 14944
529 20199
530 18690
531 17878
532 18861
533 16964
534 26880
535 17760
536 19583
537 24621
538 16006
539 20406
540 16971
541 21223
542 24882
543 28885
544 17135
545 20549
546 17206
547 20971
548 17541
549 20743
550 21631
551 17105
552 21796
553 17000
554 21559
555 22422
556 16563
557 22987
558 26751
559 20063
560 22204
561 20764
562 18098
563 22178
564 17794
565 41345
566 47132
567 33056
568 30344
569 25941
570 24175
571 27057
572 27451
573 28772
574 37085
575 44962
576 49300
577 36957
578 30938
579 28756
580 25132
581 28739
582 56890
583 57488
584 63721
585 47845
586 32222
587 33461
588 37502
589 32276
590 32087
591 32221
592 33442
593 34717
594 47983
595 48661
596 33041
597 25415
598 24366
599 22520
600 27494
601 26168
602 25097
603 28682
604 26817
605 26436
606 30944
607 26667
608 22727
609 24776
610 38242
611 38309
612 49155
613 38947
614 42720
615 50000
616 37355
617 57945
618 50154
619 33426
620 29900
621 28003
622 27772
623 28336
624 24385
625 26741
626 27102
627 37269
628 52361
629 42667
630 36589
631 62688
632 68347
633 126428
634 118246
635 128284
636 133932
637 132919
638 132416
639 119628
640 97260
641 83116
642 83290
643 120485
644 87948
645 65100
646 70634
647 99227
648 100077
649 69401
650 66557
651 67914
652 60755
653 45024
654 53788
655 65054
656 48738
657 44984
658 40318
659 40066
660 37896
661 42269
662 53389
663 57166
664 40056
665 39889
666 46940
667 41933
668 42883
669 42057
670 44059
671 38780
672 37829
673 40996
674 65304
675 63573
676 33971
677 36780
678 37468
679 51010
680 76801
681 111897
682 122160
683 135736
684 124247
685 138724
686 166076
687 166387
688 115469
689 122516
690 97123
691 63680
692 57570
693 44844
694 62154
695 55858
696 46647
697 97470
698 115941
699 119372
700 129010
701 171405
702 149063
703 72453
704 41435
705 41799
706 44334
707 52585
708 71818
709 86134
710 52492
711 46871
712 48042
713 59135
714 66085
715 75832
716 82365
717 39214
718 39202
719 61220
720 41086
721 47426
722 74340
723 72160
724 65603
725 54079
726 37774
727 46281
728 61985
729 67174
730 60754
731 44014
732 61472
733 73269
734 102247
735 94955
736 88655
737 79644
738 44859
739 52817
740 82493
741 65716
742 91974
743 74792
744 58044
745 62334
746 74393
747 91926
748 47928
749 41417
750 61343
751 62036
752 41621
753 39429
754 40639
755 49329
756 69258
757 40518
758 39813
759 49961
760 39302
761 40594
762 41823
763 44673
764 41205
765 43099
766 47038
767 51529
768 49674
769 44992
770 69654
771 97055
772 127413
773 114917
774 122668
775 108630
776 98038
777 54669
778 84522
779 124109
780 156324
781 179276
782 251450
783 185330
784 126464
785 83874
786 76178
787 71377
788 65902
789 64839
790 63822
791 69033
792 63733
793 62424
794 69326
795 76572
796 56702
797 51574
798 58042
799 69164
800 59781
801 48101
802 52205
803 46595
804 88175
805 98130
806 184930
807 104711
808 70498
809 86110
810 89035
811 87697
812 96793
813 129633
814 130127
815 135692
816 141080
817 143795
818 108664
819 64396
820 58597
821 67206
822 68150
823 54056
824 55475
825 56052
826 61579
827 60664
828 55887
829 55342
830 56249
831 52795
832 57531
833 52709
834 53549
835 54641
836 73404
837 60695
838 53808
839 56552
840 50157
841 58978
842 53645
843 50572
844 51619
845 54940
846 51174
847 52754
848 49841
849 50543
850 56834
851 60466
852 52512
853 49262
854 54154
855 54364
856 79808
857 68358
858 66041
859 70044
860 73205
861 63338
862 59967
863 74028
864 100011
865 100562
866 90233
867 78621
868 72280
869 74722
870 87597
871 76538
872 74309
873 82099
874 87096
875 84105
876 91016
877 140187
878 147031
879 154545
880 95707
881 91020
882 67870
883 120574
884 146825
885 113840
886 181848
887 173013
888 159233
889 156676
890 150275
891 138029
892 147119
893 219274
894 111849
895 93524
896 93276
897 95504
898 85451
899 79149
900 137224
901 95806
902 83412
903 85775
904 90384
905 125345
906 129283
907 88389
908 105415
909 78697
910 71871
911 69722
912 70728
913 66770
914 69456
915 63465
916 62623
917 62523
918 63480
919 70481
920 69815
921 108411
922 176377
923 190653
924 244441
925 200093
926 126083
927 116781
928 130535
929 109956
930 106383
931 98214
932 95593
933 147872
934 109342
935 81273
936 71386
937 69157
938 79312
939 120257
940 86491
941 74725
942 91527
943 74192
944 73891
945 69248
946 70805
947 94800
948 108264
949 71183
950 72524
951 70539
952 71070
953 107120
954 97746
955 90321
956 77591
957 70810
958 70508
959 90519
960 100159
961 88017
962 76844
963 69098
964 69929
965 79203
966 120326
967 82546
968 93375
969 73225
970 74890
971 76124
972 127265
973 81841
974 83704
975 73458
976 72033
977 79168
978 76228
979 78683
980 81562
981 87290
982 80570
983 75329
984 75087
985 72485
986 91677
987 90411
988 72186
989 77846
990 76521
991 77372
992 73315
993 75757
994 90469
995 94060
996 74906
997 79713
998 77779
999 80998
